"Column1","Column2","Column3","Column4","Column5","Column6","Column7","Column8","Column9","Column10","Column11","Column12"
"2155.5","1814.8","1130.1","835.89","1444.7","716.07","593.18","960.03","1170.2","1467.6","2548.1","1523.6"
"1459.4","1690","1591","1203.3","1144","748.38","747.81","1178","1088.8","1229.4","2240.3","2125.6"
"1857.6","1671.2","1624.5","1474.6","1279.6","582.39","659.56","1568.5","1251.2","1172.9","1791.6","2065"
"1730.9","1813.4","1709.6","1593.8","1446.9","822.65","672.2","1910.1","1585.1","1323.5","1590.5","1792.7"
"1083.4","1567.5","1727.6","1689.5","1575.9","1103.1","861.47","1877.2","1820.2","1580.9","1838.2","1711.6"
"768.87","1101.3","1476.3","1653","1651.5","1299.8","1086.1","1968.6","1833.9","1742.8","2093.8","1898.8"
"1073.1","948.69","1157.2","1432.4","1592.8","1155.8","1223.3","2119.7","2021.6","1857.2","2074.8","2025.3"
"1216.7","1126.2","1070.7","1207.9","1412.3","921.01","1072.7","1846.8","1996.5","1973.5","2092.5","2056.4"
"1116.3","1127.9","1116.4","1133.5","1247.2","1038.7","999.15","1931.3","1879.6","1945.2","2131","2095.4"
"1102.4","1136.9","1126.3","1124.9","1168.5","1006.1","1046.8","2555.3","2082.1","1939.5","2060.9","2105.9"
"1295.2","1119","1119.8","1126.2","1140.4","887.32","960.31","2538.2","2502.1","2177.1","2146.9","2072.6"
"1529.8","1363.7","1188.9","1131.6","1130","992.55","941.12","2057.4","2310.1","2357.3","2643.9","2256"
"1351.6","1408.8","1332.4","1217.7","1152.9","971.68","989.53","2441.4","2224.7","2275.1","2809.5","2620.6"
"1345.5","1358","1365.8","1308.9","1226.3","873.58","934.85","2624.3","2491.5","2321.5","2520.6","2650.1"
"1462.3","1381.3","1362.4","1344.4","1294.1","841.32","891.68","2489.6","2500.4","2448.4","2706.3","2569.2"
"1457.6","1454.8","1399.9","1364.8","1332.7","853.05","847","2444.2","2512.5","2487","2870.9","2771.2"
"1599.2","1453.8","1431.2","1400.6","1364.7","956.82","887.19","2066.2","2360.7","2471","2619.5","2746.1"
"1860.7","1666.3","1504.2","1434.3","1397.2","1029.4","953.81","1946.2","2086.2","2309.7","2644","2647.9"
"1820.6","1780.2","1655.1","1527.5","1446.1","1097.7","1026.4","2090.6","2052.5","2139.9","2721.1","2684.3"
"1698.2","1784.2","1745.3","1643.4","1536","1134.2","1087.1","2338.2","2120.3","2094.6","2511.4","2668.4"
"1364.5","1638.9","1737.3","1715.4","1632.8","1087.2","1113","2766.5","2406.6","2188.4","2253.5","2466.8"
"1057.7","1346.5","1586.4","1692.9","1687.5","1004.1","1064.9","2970.2","2720.9","2432.8","2605.9","2374.3"
"1225.6","1162.5","1354.9","1552.1","1654.2","1090.9","1034.1","2678.1","2847.3","2682.2","3012.9","2713.2"
"1659.3","1350.5","1268.6","1380.4","1531.4","1123.2","1107.6","2372.4","2587.3","2720.3","2888.8","2872.8"
"1762.3","1613.5","1409.4","1340.6","1409.4","963.78","1064.8","2156.2","2434","2585.1","2900.1","2863.2"
"1831.5","1704.4","1575.4","1440.9","1389.8","1045.2","995.39","1863.2","2106.3","2389","2943.7","2925.1"
"1994.1","1858.1","1704.7","1567.2","1461.8","1145.9","1089.8","2192.1","2026.4","2155.3","3064","2931"
"1712.7","1900.1","1835","1700.6","1571.4","1209.8","1114.4","2596.3","2270.6","2133.2","2957.6","3069.8"
"1294.9","1624.9","1805.5","1794.8","1691.1","1261.2","1233.7","2462.1","2504.9","2311.9","2950.9","2885.4"
"1207.4","1364.4","1598.5","1743.6","1753.3","1077.2","1179.8","2381.2","2374.2","2403.4","3435.4","3135.4"
"1568.6","1326.6","1412.2","1585","1701.4","1183.2","1122.7","2370.3","2455.3","2407.4","3386.3","3324.3"
"1697.2","1608.9","1443","1463.4","1580.2","1355.5","1229.3","2202","2277.8","2391","3057","3235.5"
"1561.6","1563.9","1549.8","1491.5","1505.7","1299.4","1309.4","2705.2","2371.9","2320.7","2944.9","3111.3"
"2218.8","1724.7","1581","1534.6","1510.9","1129.5","1252.5","3189.4","2748.7","2460.9","2809.1","2966.7"
"2512.4","2233.3","1834.5","1624.4","1545.5","987.45","1123.6","3200.2","3094.7","2771.2","2733","2827.4"
"1779.9","2227.9","2137.3","1869.1","1666.1","1146.5","1045.2","2918.3","3057.7","2990.4","3056.5","2824.2"
"1460.8","1740.6","2047.9","2045.1","1866.9","1422.5","1225.6","3133.8","2989.8","3001","3389.3","3118.8"
"1422.8","1617.9","1796.4","1962.8","1971","1601","1387.3","3968.4","3302.2","3059.5","3267.3","3272.9"
"1013.1","1329.7","1601.8","1799.5","1917.3","1705.5","1594.7","3838.1","3876.5","3420.9","3356.8","3267.6"
"883.99","1084.6","1340.8","1589.6","1779.3","1460.8","1599.9","3001.3","3492","3641.7","3406.2","3356.6"
"1374.2","1010.6","1123","1354.7","1582.7","1249.8","1432.2","2979.7","3170.1","3426.6","3397.8","3290.9"
"2086.6","1541.4","1191.8","1194.8","1372.9","1151.6","1280.1","2805.2","3001.4","3205.8","3385.1","3292.6"
"2298.3","1945.7","1558.2","1300.5","1271.5","1063.9","1169.1","2758.5","2829.2","3013.7","3370.9","3224.2"
"2073.9","2194.7","1910.6","1580.1","1370.3","1018.3","1081.5","2651.5","2792.5","2881.4","3364.3","3461.6"
"1852.8","1948.1","2030.8","1858","1600","1097.1","1053.4","2585.9","2623.8","2770.4","3370.9","3351"
"1967","1991.5","1978.9","1950.3","1807.8","1219.3","1126.8","2845.5","2699.5","2683.5","3368.7","3356.4"
"1727.8","1867","1959.6","1969.5","1909.2","1408.4","1225.1","2707.5","2784","2730.5","3369.4","3403.4"
"1829.9","1801.2","1868.8","1934.9","1942.2","1609.2","1428.4","2338.2","2619.7","2728.8","3372.5","3383.1"
"1548.2","1793.9","1833.4","1876.8","1918.7","1449.5","1523.1","2353.5","2388.7","2576.2","3374","3386.6"
"1599.7","1531.1","1718.9","1825.4","1878.2","1229.1","1388.1","2984.1","2526.1","2466.6","3128.7","3365.9"
"2054.3","1795.4","1656.3","1716.6","1809.8","1288.2","1285.8","3228.5","2989.3","2651.7","2897.3","3210.6"
"1832","1896.6","1798.4","1720.5","1740.7","1280.1","1311.1","3121.6","3063.2","2912.4","3072.6","3071.8"
"1746.4","1812.1","1839.2","1792","1750.1","1158.9","1239.6","3280.7","3174.4","3040.5","3071","3074.9"
"1781.8","1781.5","1807.9","1814","1787.7","1100.3","1177.8","2948.6","3182","3148.5","3250.6","3097.9"
"1685","1768.3","1790.1","1803.7","1802.4","988.3","1089.1","2630.5","2885.3","3086.2","3416.8","3276.2"
"1577.6","1663.5","1745.7","1785.1","1798.8","951.55","1005.1","2437.1","2695.6","2893.3","3397.8","3196.3"
"1932","1670.2","1676.3","1735.8","1776.5","1089","994.54","2292.7","2430.8","2679.9","3382","3375.9"
"2602.4","2053.6","1770.2","1708.9","1735.9","1097.1","1096.7","2266.5","2377.2","2493.7","3301.7","3383.5"
"2533.8","2488.7","2111.2","1843.2","1746.8","1028.9","1042.7","2446.6","2275.4","2376","3120.6","3319.5"
"2474.4","2388.6","2337.4","2109.6","1891.2","1227.3","1097.1","3018","2603.8","2390.7","3365.5","3294.4"
"2500.4","2573.9","2426.4","2279","2092.5","1555.8","1261.6","3326.4","2958.6","2642.6","3244.2","3343.3"
"2017.7","2307.1","2462.4","2405.1","2257.2","1812.1","1568.7","3175.8","3236.1","2954.2","2956.1","3163.7"
"2329.3","2185.6","2299.1","2393.6","2360.9","1758.7","1713.7","3189.7","3083.2","3094","3260.7","3082.6"
"2040.1","2305.7","2275.4","2312","2355.4","1642.7","1715.4","3450.8","3334.1","3153.2","3416","3282.4"
"1821.2","1920.9","2181.4","2279.4","2318.5","1567.2","1629.6","2883.9","3232.7","3270.6","3404.9","3366.5"
"2574.8","2117.4","2032.3","2151.3","2257.5","1571","1596.6","2899","2934.1","3142.8","3398.1","3309.5"
"2949.7","2544.5","2219.7","2114.5","2164","1538.5","1565.7","3718.5","3134","3030.2","3387.2","3301.9"
"3576.7","2952.7","2548.6","2280.3","2172","1420.9","1529","4483.3","3788","3286.6","3382.7","3426.9"
"3434.8","3486.7","3003.4","2584.9","2327.3","1475.4","1431.2","4483.9","4308.7","3801.1","3380.4","3260.4"
"2191.9","3034.4","3237.1","2969.6","2618.5","1812.9","1576","3891.2","4255.8","4152.2","3376.7","3491.8"
"1848.5","2299.4","2863.9","3058.1","2902.9","2090.4","1810.4","3555.2","3868.6","4104.4","3390.5","3475.4"
"2163","2094","2397.9","2776.1","2932.9","2135.1","2047.2","3943.3","3732.5","3879.9","3397.6","3422"
"2670.8","2269.5","2232.3","2457.7","2725.8","1977","2036.7","4318.4","4040.3","3866.5","3388.8","3172"
"2948","2678.3","2383.2","2337.6","2497.7","1944.2","1992.4","4332.4","4210","4043.5","3365","3218"
"2675.4","2779.3","2630.6","2449.3","2416.6","1844.7","1934.2","4381.6","4322.7","3622","3350.8","3290.9"
"2725.9","2674.8","2692.3","2599.1","2487.7","1692.7","1834.3","4446.5","4358.3","3707.5","3345.4","3327.8"
"2847.8","2796.1","2713","2660.3","2583","1803.3","1732.5","4365.8","4438.3","3393.8","3333.4","3113.1"
"2413.7","2716.2","2763.6","2716.2","2650.4","1956.9","1869.3","4089.8","4281.7","3077.2","3315.3","3290.9"
"2008.4","2369.5","2633.1","2721","2702.2","1872.6","1882.7","4115.8","4152.5","3468.8","3314.1","3327.8"
"2088.4","2116.7","2365.9","2583.5","2681","1957","1900.6","4024.6","4127","3435.2","3310.9","3222.4"
"2591.1","2236.9","2215.7","2380.3","2553.6","2031.9","1961.8","3991.3","4011.2","3852.1","3299.9","3213.1"
"2747.6","2581.7","2339.8","2294.1","2401.8","1901.6","1994.1","4050.6","4049","3274.1","3287.4","3167.4"
"2641.6","2620.4","2523.3","2388.1","2352.7","1682.3","1849.7","4006.8","4010.2","2661.3","3283","3382.7"
"2472.6","2638.1","2599.3","2502.3","2412.7","1546.7","1708.2","4138.1","4053.1","3214.1","3282.3","3108.1"
"2463.7","2438.9","2560.8","2566.3","2496.3","1427.9","1551.8","3714","4051.9","3347","3273.6","3371.4"
"3302.8","2694.4","2523.6","2537","2536","1458.1","1474.9","3024.3","3573.2","3337","3273.4","3113.1"
"3267.3","3224.2","2818.6","2598.8","2542.8","1679","1508.2","3214.8","3203.1","2826.4","3260.4","3245.4"
"2526","2962.3","3041.9","2838.9","2650.2","1999.9","1730.6","3703.5","3396.6","3242.1","3261.5","3309.5"
"2512","2647.4","2877.9","2934.3","2818.6","1913.3","1926.6","4008.2","3674.3","3343.3","3266.4","3291.8"
"2472.9","2576.3","2699.7","2836.6","2871","1592.7","1799.6","4055.1","3908.7","2736.9","3265.3","3201.5"
"2701.5","2504.2","2584.6","2711.1","2809.8","1786.8","1674.4","4190.9","3776.4","2377.2","3261.9","3293.4"
"3240.5","2840.7","2617.3","2619.7","2711.5","2140","1805.3","4807.4","3634.8","2925.8","3263.9","3255.5"
"3250.2","3129.9","2867.2","2689.6","2661.3","2036.8","2102.2","4954.7","3544.9","2810.1","3261.6","3226.4"
"3015.8","3146.1","3060","2874.4","2734.3","1974.3","2006.8","4804.4","3459.5","2859.6","3267.7","3450.7"
"3079.3","3028.9","3074.9","3010.9","2874.6","2074.8","1867.8","4640.3","3370.9","2488.6","3276.5","3167.4"
"3314.4","3169","3078.1","3046","2978.1","2028.3","2155.5","4484.4","3286.2","2936.2","3270","3309.5"
"2938.8","3193.9","3166.1","3095","3035","1942.7","2052","4141.1","3263.3","3345.7","3272.2","3255.5"
"2533.3","2856.8","3090.6","3135.1","3092.1","1909.5","1954.7","3962.5","3267.4","3221.7","3267.8","3201.5"
"2796.5","2684.4","2861.2","3035.6","3098.6","2192.1","1984.6","3950.2","3232.3","2576.6","3257.6","3151.6"
"3371.5","2934.4","2800.2","2884.9","3007.9","2488.2","2109.3","4011.1","3155.6","2608","3251.8","3301.2"
"3216.1","3275.1","3013.1","2882","2913.6","2280.7","2462.2","3957.8","3111.7","3075.1","3265.1","3462.6"
"3008.3","3063.3","3131.3","3025.4","2935.4","1987.2","2223.9","3856.7","3107.1","3070.8","3278.5","3242"
"3735.6","3247.2","3109.3","3079.1","3017.1","1798.2","1658.1","3766.4","3068.5","2324.5","3266.9","3083.7"
"4186","3743.8","3350","3155.7","3072.8","1573.5","2035.3","3678.9","2976.3","2248.7","3254.2","3282.5"
"3948.1","4014.6","3718.2","3398","3192.6","1468.3","1706","3591.6","2914.8","2799","3253.3","3190.5"
"3534.8","3810.1","3867.8","3675.3","3417.6","1615","1549.4","3510","2892","2602.9","3249.8","3276.2"
"3132.6","3547.5","3755.2","3776.2","3630.5","2092.9","1102.2","3434.1","2829.7","1998.7","3253.6","3291.8"
"2718","3101.5","3485.3","3692","3711.3","2145","1849.5","3357.7","2747.3","2361.7","3258.2","3292.6"
"3086.9","2906.1","3143.4","3446.9","3631.2","2012.5","1712.5","3283.6","2743.4","3277.7","3258.9","3218"
"2956.2","3119","3060.3","3200.3","3427.1","2202.4","1819.3","3222.2","2807","3275.1","3250.2","3135.6"
"2454.6","2753.9","3006","3110.6","3245.8","2262.9","1930.7","3174.7","2832.6","2617.4","3244.9","3317.9"
"2953.2","2693.6","2788.8","2969.5","3119.6","2144.9","2073.4","3132.3","2788.8","2222.8","3252.9","3301.2"
"3380.4","3019.9","2816.3","2840.7","2973.9","2374.7","2151.1","3089.1","2769.3","3267.2","3255.8","3238.7"
"3851.9","3363.8","3050.2","2889.7","2890.1","2344.6","1607.1","3053","2791.1","2449.4","3257.4","3318.3"
"4072.3","3831","3406.7","3094.6","2943.4","1835.6","1570.8","3020.1","2761.7","2697.2","3258","3174.5"
"4195.7","3948.4","3728.9","3411.3","2717.3","1431","1257.9","2988.3","2722.7","2015.9","3254.7","3317.9"
"4209.2","4224.9","3963.9","3687","3681.9","1568","878.46","2953.3","2669.6","2695.7","3264.5","3368.5"
"3569.1","3982.6","4090.3","3928.6","3762.9","2105.3","1722.7","2919.7","2680.1","2855.9","3277.6","3383.1"
"3787","3701.8","3910.6","3990.5","3905","2343","1502.8","2892.1","2700.3","2840","3286","3291.8"
"3723.9","3865.2","3824.9","3894.3","3933.5","2724.7","1377.4","2870.2","2723.6","2984.2","3285.9","3274.6"
"3364.1","3554.8","3770","3848.2","3892.3","2688.7","1306.9","2853.6","2728.3","2409.8","3285.7","3300.3"
"3757.6","3571.5","3608.2","3738.6","3834.5","2566.3","2227.3","2836.5","2674.3","2060.3","3283.4","3212.1"
"3945.7","3751.7","3637.9","3652.4","3738.9","2438.4","1249.1","2813.9","2608.2","2214.2","3273.2","3174.5"
"4346.1","3970.8","3771","3679.2","3683.9","2273.4","1340.2","2787.7","2588.3","2805.2","3265.3","3258.1"
"4749.9","4375.8","4022.4","3806.2","3712.6","2229.7","1293.9","2764.9","2601.5","2528.3","3269.5","3368.5"
"4713.8","4631.5","4349","4050.2","3842.7","2124.1","1640.3","2745.3","2607.3","2845.2","3270","3123.3"
"4844.6","4679.1","4548.9","4318.1","4063.8","2010.7","957.63","2729.8","2619.2","2485.9","3256.6","3212.1"
"5102.6","4903.6","4697.5","4510.6","3309.3","1831.8","1575.4","2715.6","2591.5","2228.8","3247.1","3120.5"
"4517.2","4931.2","4872.6","4691.9","5140.9","1825.6","1177.6","2698.9","2553.9","2351.3","3239.1","3276.2"
"3836.9","4378.7","4758.3","4803.2","4888.9","1855.1","1905.2","2680.5","2532.5","2411.6","3240.1","3201.5"
"3472.9","3954","4371.9","4658.9","4540.8","1847.6","1612.3","2662.5","2532.2","2720.1","3247.7","3467"
"3180.1","3486.8","3949.4","4345.9","4478.4","1792.3","1020.7","2647.2","2518.4","1931.7","3272.3","3432.2"
"3882.6","3430.5","3586.9","3960.7","4272.2","1720.2","1454.3","2628.6","2448.2","1927.6","3284","3272.9"
"4820.3","4058.1","3650.7","3700.3","4041.9","1682.1","1315.6","2604.6","2407.2","2385.7","3283.6","3291.8"
"4441.4","4575.8","4119.1","3800.1","3403.6","1650.2","1572.1","2581.1","2415.1","2613.5","3284.6","3293.4"
"3301.4","4095.5","4319.3","4109.4","4429.2","1660.1","1990.9","2562.9","2460.6","3089","3283.3","3242"
"3710.3","3535.1","3957.5","4157.4","4256","1670.9","1366.5","2554.1","2530.8","2986.1","3278.4","3242"
"4455.4","4018.4","3796.6","3937.8","4125.1","1637.3","1427.2","2553.7","2573.4","2731.3","3278.3","3335.2"
"3965","4161.8","4024.3","3915.1","3978.6","1582.8","785.43","2556.4","2569.3","2231.2","3282.1","3269.2"
"3441.9","3874.7","4042.4","4009.8","3968.2","1526.5","1629.3","2556.7","2560.3","2913.5","3280","3258.1"
"3506.1","3525.4","3808.3","3970.6","3867.1","1540.9","1676.3","2558.4","2566.3","2128.2","3276.2","3232.3"
"4206.8","3734.1","3654.1","3797.4","3890","1520.6","883.33","2557","2521.2","2281.9","3269.8","3206.6"
"4988.8","4278","3854.5","3744.6","3921.5","1444.4","879.56","2551.1","2478","1964","3267.8","3326.1"
"5135.3","4838","4327.3","3951.6","3851.7","1405.6","1501.6","2540.6","2469.7","3117","3268.3","3185.5"
"5110.6","5025.2","4734.1","4334.8","3899.8","1426.5","1706.8","2535.9","2554","3272","3264.5","3317.5"
"5042.1","5078.9","4946.3","4671.8","4068.3","1455.7","1614.2","2541.8","2624.6","2944.3","3273.6","3379.9"
"4224.6","4793.8","4983","4880.4","3061.9","1480","1733.5","2552.9","2638.2","2411.1","3283.9","3326.9"
"4386.4","4433.2","4720.5","4842.6","3669","1503.5","1585.9","2562.7","2650.7","3273.7","3281.3","3159.5"
"4318.3","4453.4","4536","4698.5","3583.1","1502.8","1357.6","2576.1","2697.7","2678.6","3262.5","3066.5"
"4007.1","4218.9","4419.6","4559.3","3451","1497.5","1619.1","2590.5","2696.6","2702.6","3247.6","3251.3"
"3931.7","4084.2","4240.4","4430.1","3539.7","1507","1511.1","2603","2689.2","2525.9","3252.9","3356.4"
"3767","3913","4086.9","4273.2","3386.1","1490.2","1134.4","2612.4","2670.9","2552.7","3264.2","3334"
"4102","3873","3941.2","4102.2","3245","1435.4","865.22","2618.1","2628.7","1940","3268.7","3251.3"
"4976.7","4287.2","3990.6","3991.9","3815.8","1372.4","974.37","2616.2","2578.9","2645.2","3270.8","3340.3"
"5135.1","4839.8","4376.2","4045.2","3219.2","1308.7","620.25","2612.7","2615.4","3268.2","3273.9","3228.5"
"5110.5","5025.7","4751.4","3970.1","2961.4","1242.9","975.68","2616.4","2678.3","2941.8","3269.4","3248.5"
"4914.2","5065.6","4952.4","3867.4","3343.6","1242.3","1657.1","2624.8","2685.8","2421.3","3270.1","3318.3"
"4064","4703.5","4917","3802.5","3268","1270.6","1194.8","2630.8","2664.6","2646.3","3267.8","3142.6"
"3856.3","4162.6","4630.5","3714.6","2748.1","1275.1","1491.3","2635.3","2691","3268.2","3255.3","3196.3"
"3771.6","3983.8","4257.5","3575.3","2230","1311.1","1713.2","2645.2","2759.7","3266.3","3248.3","3196.3"
"3583.8","3743.1","4004.6","3327.9","347.43","1347.2","1454.3","2661.1","2792.8","2670.5","3242.1","3196.3"
"3931","3720.4","3804.7","2972.3","345.42","1350.8","1254.8","2675.6","2752.2","2103.9","3241","3290.9"
"3925.9","3933.5","3820.1","2643.2","0","1337.1","1205.5","2681.1","2673.1","2064","3242.6","3195.8"
"3690.6","3799.8","3865.6","2388.7","1323.4","1299.7","732.26","2676.8","2606.9","2206.2","3238.9","3238.7"
"4575.8","3907.7","3815.5","2211.1","222.17","1242.5","960.2","2666.9","2593.1","2944.7","3240.1","3265.2"
"5162.2","4634.2","3822.5","1963.7","0","1228.6","1391.2","2659.9","2623.2","2687.3","3243.6","3276.2"
"4965.5","4944.2","3590.9","1758.2","625.4","1272.5","1925.1","2655.5","2615.4","2352.1","3248.6","3300.3"
"4064.9","4754","3366.6","1654.7","1313.3","1325.1","1376","2649.4","2591.4","2512.9","3251.2","3222.4"
"3860.7","4062.4","3163.3","1746.1","4138.7","1313","980.05","2641.6","2561.2","2059.3","3243.2","3123.3"
"4323.2","4183.5","3003.7","1839","0","1301.2","1587.1","2629.9","2536.6","2826.1","3235.9","3274.6"
"4182.1","4181.3","2854.5","1619.7","0","1334.2","1562.8","2620.8","2590.5","3248.6","3239.3","3248.5"
"4283.2","4237.8","2698.1","1426.5","0","1350.3","1320","2619.4","2597.6","1694.4","3244","3326.1"
"3971","4121.4","2539.2","1293","797.38","1338","1130.3","2611.6","2480.4","1488.7","3272.9","3744.3"
"4151.2","3925.6","2388.4","1263.8","1447.6","1299.1","822.95","2590.8","2383.4","1952.2","3327","3696.2"
"4802.6","3736","2253.9","1219.2","0","1250.9","1010.4","2564.1","2353.1","2412.4","3344.8","3126.3"
"4469.7","3553.3","2123.7","1073.8","0","1236","1309.2","2539.9","2391.4","3092.4","3323.2","3222.4"
"3776.5","3376.8","1995.1","1071.8","2745.7","1232.5","1043.3","2525.6","2447.7","2497.5","3314.8","3300.8"
"3541.1","3207","1891.7","1145.4","0","1264.8","2238","2516.6","2457.9","2591.2","3310.4","3242"
"3787.5","3045.8","1798.3","1103.3","2058.7","1357.3","1725.3","2510.7","2489","2920.2","3303","3258.1"
"3986","2893.2","1718.8","1122.7","0","1285.5","1668.6","2510.5","2540.7","2927","3292.1","3139"
"4111.9","2749.7","1642.2","1025.4","797.38","672.26","1087.6","2516.5","2596.7","3143.8","3274.5","3151.6"
"3731.9","2614.1","1567.3","999.11","816.38","472.02","1338.2","2529.3","2668.5","3284.8","3269.8","3370.3"
"3068.1","2486.1","1503.1","1194.2","5468.8","1197.5","1205.4","2549.4","2741.9","3283.4","3273.1","3180.9"
"3582.6","2367.6","1485.7","1484.1","750.48","1560.6","853.72","2575.2","2798.5","3109","3268","3309.5"
"3963.8","2262.4","1485.4","1590.3","4970.6","1454.8","384.62","2603.4","2826.8","2920.2","3266.7","3172.5"
"3809","2170.7","1514.5","1877.2","2439.1","1348.8","856.69","2630.7","2846.2","3098.2","3261","3293.4"
"3610","2094.5","1561.8","1985.4","3283","1309.9","1289.3","2658","2884.4","3276.4","3268.4","3370.3"
"3426.3","2033.5","1619.4","2129","3048","1325.8","1689.3","2687.2","2931.1","3276","3280.6","3371.4"
"3257.9","1987.1","1685.6","2253.1","3362.1","1378","1882.4","2718","2959.7","3003.7","3278","3079.3"
"3104.8","1954.4","1757.9","2310.6","1779.8","1404.4","1145.2","2747.3","2977.5","3276","3261.5","3235.8"
"2966.5","1934","1820.2","2217.9","1140.4","1359.1","834.37","2776.4","3013","3274.2","3260.4","3279.1"
"2842.8","1922.6","1860.8","2049","260.57","1316","1256.5","2806.1","3044.1","3272.6","3264.1","3309.5"
"2732.7","1916.1","1873.7","1862.8","850.4","1309.6","1272.5","2835.8","3071.3","3271.9","3270.9","3340.3"
"2635.1","1910.8","1866.8","1742.1","850.4","1313.3","1450.2","2865","3095.2","3272.1","3277.8","3309.5"
"2548.4","1904.8","1847.9","1684.6","1914.4","1325.4","1357.5","2893.3","3109.8","3130.8","3285.1","3386.6"
"2471.3","1897.1","1830.2","1735.2","2420.7","1384.6","2566.4","2919.4","3118.9","3275","3291.8","3269.2"
"2402.5","1888.7","1821.1","1740.3","750.48","1471.2","1380.2","2944.1","3137.6","3276.9","3292.1","3335.2"
"2340.8","1880","1805.9","1620.5","712.96","1455.3","2063.3","2967.9","3154.3","3279","3298","3351"
"2285.4","1870","1778.6","1509.7","656.67","872.32","1336.4","2990.6","3156.8","3008","3299.9","3255.5"
"2235.3","1857.5","1741.1","1377.8","0","397.02","628.73","3009.6","3139.6","3020.8","3296.3","3292.6"
"2189.6","1841.4","1692","1308","2058.7","534.84","518.46","3024.7","3137.6","3285","3295.9","3292.6"
"2147.2","1821.6","1650.6","1406.4","2251.4","1222.7","1556.1","3039","3155.2","3286.2","3292.7","3232.3"
"2107.3","1799.9","1629.3","1651.7","5325.1","1619.6","1175.4","3053.6","3170.9","3286.7","3288.6","3300.3"
"2069.7","1780.1","1648.1","1876.4","750.48","1618.7","1773.2","3068.2","3184.7","3286.8","3281","3103.8"
"2034.5","1765.5","1668.8","1733.5","562.86","1498.8","1588.3","3082.7","3196.8","3285.4","3271.7","3360.9"
"2001.9","1754.2","1671.2","1651.3","1814.1","905.91","1416.4","3096.8","3207.3","3284.1","3275.7","3216.7"
"1971.9","1744.2","1668.3","1602.7","332.96","633.7","1484.4","3110.4","3216.4","3282.8","3269.4","3232.3"
"1944.3","1734.6","1653","1436","0","277.41","1393.6","3123.4","3224.2","3280.9","3259.5","3113.1"
"1918.8","1723.5","1619.3","1276","245.56","136.62","1228.6","3135.8","3230.9","3277.5","3244.1","3159"
"1894.9","1709","1573.7","1208.2","1445.3","354.78","679.62","3147.4","3236.2","3273.3","3246.6","3432.9"
"1871.9","1690.9","1531.2","1221.8","1125.7","653.19","1517.7","3158.2","3240.5","3271.1","3264.2","3333"
"1849.4","1670.1","1492.7","1160.8","45.72","499.81","1591.6","3168","3238.6","3149.5","3270","3281.1"
"1827","1647","1450.6","1207.7","3966","1102.8","1393.1","3176.1","3233.5","3270.4","3262.4","3087.1"
"1804.4","1622.5","1433.3","1354.6","0","1467.1","1539.2","3183.1","3237.8","3268.6","3248.8","3245.4"
"1781.6","1599.3","1416.3","1193.1","0","498.22","2191.3","3189.8","3241.4","3266.2","3246.4","3201.5"
"1758.8","1576.1","1383","1050.8","0","169.19","2068.9","3196.1","3244.2","3263.7","3246.4","3318.3"
"1735.9","1551.1","1337.5","925.47","0","57.452","2214.6","3202","3246.5","3261.9","3250.8","3228.5"
"1712.6","1523.2","1283.9","849.55","750.48","132.93","1505.3","3207.4","3248.3","3260.6","3251.9","3309.5"
"1688.6","1492.2","1230.8","803.29","0","179.54","940.6","3212.3","3249.7","3259.8","3257.2","3274.6"
"1663.7","1458.5","1175.6","722.77","332.96","113.47","1397.7","3216.8","3250.9","3259.6","3260.1","3292.6"
"1637.6","1422.2","1119.4","677.54","360.44","150.69","1468.6","3220.9","3251.9","3259.9","3265.8","3334"
"1610.1","1383.6","1064.6","623.18","0","110.34","675.47","3224.7","3252.9","3261","3274.1","3336.5"
"1581.2","1343","1008.5","548.86","0","37.469","275.84","3228.1","3254","3262.8","3275.6","3206.6"
"1550.9","1300.5","954.86","686.73","4356.1","1144.1","295.96","3231.2","3255.1","3264","3273.3","3336.5"
"1519.1","1258.2","943.01","1102.2","3921.9","2751","1451.8","3234.1","3256.2","3265.4","3276.7","3245.4"
"1486.2","1221.8","977.33","1414.8","3425","3213.8","1388.3","3236.7","3250.6","3118.2","3276.7","3326.9"
"1453.3","1195.3","1040.5","1638.5","3081.6","2889.6","2081","3237.7","3241.6","3268","3275.3","3167.4"
"1421.8","1180.4","1117.1","1678.8","210.48","1692.3","1528.8","3238.3","3244.8","3268.4","3270.6","3344.9"
"1392.7","1175.8","1175.7","1495.2","25.037","615.31","1520.8","3239.2","3247.6","3269","3275.5","3258.1"
"1366.9","1177.4","1205.8","1333.9","330.41","253.31","1654.3","3240.4","3250.2","3269.8","3278.4","3365.9"
"1344.4","1181.4","1216.5","1262","1372.4","327.03","1703.4","3241.7","3252.6","3271.2","3281.9","3216.7"
"1325.2","1185.9","1221.2","1212.2","0","339.28","1061.4","3242.9","3247","3100","3279.6","3334"
"1308.8","1189.9","1213.7","1086.9","420.52","183.3","514.39","3242.7","3237.4","3273.4","3287.2","3358.6"
"1294.7","1191.9","1195.4","1031.2","938.1","313.06","322.45","3242.3","3241.8","3275.4","3291.4","3265.2"
"1282.5","1191.4","1175.3","1020.1","938.1","478.03","376.04","3242.3","3239","3128.3","3294.4","3398"
"1271.5","1188.6","1157","1043.4","1659.2","670.4","485.97","3241.4","3232.8","3279.7","3297.7","3201.5"
"1261.4","1184.3","1145.3","1042.5","39.189","598.05","641.13","3240.7","3238.5","3281.5","3295.3","3398"
"1252","1178.9","1128.6","976.06","1198.3","378.83","501.38","3240.5","3236.1","3119.4","3299.2","3218"
"1243","1172.1","1110.5","947.55","0","326.73","434.85","3239.5","3229.8","3285","3292.9","3291.8"
"1234.2","1163.7","1086.4","867.27","712.96","213.03","301.91","3238.6","3236.5","3286","3296.3","3368.5"
"1225.3","1153.3","1062.5","996.29","3924.3","1004.9","388.94","3238.6","3242.4","3287.4","3293","3108.1"
"1216.2","1142.4","1068.2","1212.1","1018.3","1450.6","1089.5","3239.1","3235.2","3013.3","3277.7","3255.5"
"1207","1134.3","1084.3","1187.5","987.16","754.7","1087.8","3237.6","3221.3","3285.9","3272","3189.5"
"1198.1","1128.9","1096","1191.2","1586.4","562.28","775.02","3235.6","3205.7","2778.6","3264.4","3238.7"
"1189.6","1125.6","1109.3","1222.6","1244.4","612.42","657.03","3230","3171.8","3150","3257.9","3163"
"1181.9","1124.3","1121.7","1168.1","0","422.56","594.82","3223","3175.1","3278.1","3251.6","3272.9"
"1175","1124.1","1120.7","1028.8","0","143.49","379.91","3217.9","3187.2","3275","3254.2","3274.6"
"1168.9","1123.1","1104.9","950.95","977.59","184.16","211.55","3214.7","3197.6","3272.7","3257.8","3300.3"
"1163.3","1120","1085.8","910.85","34.834","228.94","235.48","3213.1","3206.5","3271.1","3259.6","3228.5"
"1158","1114.9","1063.8","986.84","3966","1006.9","330.69","3212.7","3214.1","3269.7","3264.2","3410.2"
"1152.5","1108.7","1067.5","1161.5","30.48","1439.2","1116.7","3213.2","3220.7","3269.8","3278.3","3337.9"
"1147.1","1104.2","1072.7","1042.1","368.26","538.71","995.34","3214.3","3226.6","3271","3278.7","3190.5"
"1141.8","1100.2","1065.9","993.49","1060","361.07","613.29","3216.1","3232","3271.6","3274.4","3326.9"
"1136.6","1095.7","1057.5","991.52","844.29","412.95","462.26","3218","3229.9","3123.5","3281.1","3336.5"
"1131.5","1090.7","1048.7","968.43","723.68","413.54","437.17","3024.2","3224.1","3273.6","3286.9","3318.8"
"1126.4","1085.2","1038.6","980.41","1620.5","519.2","430.26","2854.2","3223.2","3126.4","3288.9","3279.5"
"1121.2","1079.4","1034.4","1018.2","781.75","600.13","544.44","2778.2","3218.6","3276.9","3286.9","3260.4"
"1116","1073.9","1031.1","988.6","750.48","462.81","533.33","2679.9","3218.4","3121.9","3290.1","3398"
"1110.7","1068.6","1024.8","963.65","825.53","427.66","469.5","2549.4","3214.2","3280","3299.3","3318.8"
"1105.4","1063","1017.1","963.56","1182.5","485.21","454.24","2638.1","3222.1","3282.4","3299.9","3281.1"
"1100.1","1057.3","1014.7","1123.9","4107.1","1286.9","619.58","2771.3","3229.4","3284.2","3292.1","3159.5"
"1094.8","1053.1","1041.3","1325.6","750.48","1629.2","1343","2785.4","3216.3","2856.2","3287.2","3398"
"1089.8","1053.2","1071.3","1224.6","43.543","696.18","1214.7","3014.1","3193.1","3285.5","3294.6","3270.9"
"1085.5","1056.1","1082.9","1081.7","0","246.55","711","3044.5","3204.1","3286.4","3290.8","3249.5"
"1082.2","1059.2","1077.4","985.73","719.21","187.69","362.23","2690.3","3214","3286.7","3286.7","3268.7"
"1079.5","1060.8","1065.8","993.76","1586.4","389.8","300.52","2426.5","3222.6","3286.7","3287.3","3327.8"
"1077.3","1061.1","1060","1040.3","1060","498.13","414.18","2471.7","3230.3","3287","3295.2","3393.9"
"1075.4","1060.8","1057.9","1051.1","1244.4","498.82","458.78","2620.9","3237.1","3288.5","3306.6","3386.6"
"1073.6","1060.5","1058.4","1081.9","1413.3","643.35","522.02","2579.9","3243.3","3291.1","3313.9","3337.9"
"1072","1060.4","1062.7","1106.5","1088.5","700.59","639.74","2620.4","3242","3137.2","3321","3430.5"
"1070.7","1060.9","1068","1111.7","1248.2","643.59","654.53","2639.5","3228.6","3117.6","3321.6","3159.5"
"1069.6","1062","1073","1080.9","222.17","489.18","623.84","2676.7","3223.7","3299.6","3303.2","3179.1"
"1068.7","1063.3","1068.9","968.27","0","208","440.03","2545.5","3232.8","3299.5","3296.3","3351"
"1068.1","1063.3","1051.5","852.79","0","70.632","237","2150.2","3240.7","3299.5","3306.3","3425.8"
"1067.4","1060.7","1027.3","957.5","4422","1155.2","296.71","2099.5","3231.3","2940.9","3319","3393.9"
"1066.4","1056.7","1034.1","1164.3","0","1694.8","1282.7","2410.9","3213.3","3303.4","3322.9","3283.8"
"1065.1","1054.6","1043.8","1058.6","723.68","680.83","1166.4","2816","3224.1","3305.6","3320.7","3336.5"
"1063.8","1053.3","1044.2","1041.7","1225.4","504.15","773.14","2730.7","3233.9","3307.5","3323","3346.7"
"1062.5","1052.3","1045.4","1089.1","1779.8","553.66","601.74","2389","3242.8","3309.4","3323","3283.8"
"1061.3","1051.8","1054.1","1149.2","1295.2","571.36","590.09","2207.5","3237","3009.9","3321.2","3346.7"
"1060.2","1052.6","1065","1107.2","0","357.75","527.81","2470.3","3211.6","3047.2","3322.5","3309.5"
"1059.3","1054.2","1065","1033","1260.4","266.62","353.57","2905.8","3204.2","3313.3","3319.6","3279.5"
"1058.8","1055.3","1062.9","1079.4","1681","461.33","356.03","3056.9","3217.3","3313.9","3319","3371.4"
"1058.4","1056.4","1068.1","1144.9","1544","636.71","480.05","3036.2","3228.8","3314.8","3324.9","3363.5"
"1058.2","1058.3","1079.3","1181.9","1313.3","789.43","631.08","2676.9","3105.6","3316.2","3325.3","3272.9"
"1058.4","1061.3","1091","1137.3","0","604.06","724.93","2144.8","2632.9","3316.9","3314.8","3179.1"
"1058.9","1065","1090.4","1014.9","289.53","244.51","506.95","2083.1","2257.6","3316","3303.8","3291.8"
"1059.8","1067.5","1077.7","945.27","656.67","214.76","313.75","2218.1","2193","3156.7","3306.2","3374.7"
"1060.7","1068","1059.6","880.71","0","173.72","250.44","2083.1","2196.9","3313.9","3312.6","3337.9"
"1061.5","1065.9","1034.7","840.01","1401.5","136.01","170.77","1472.2","1970.6","3313.9","3315.2","3328.8"
"1061.8","1061.1","1015.7","959.95","2555.6","578.85","235.77","1341","1494.9","3134.1","3314.7","3282.5"
"1061.5","1055.6","1018.1","1153.5","2625.5","1100.5","663.46","1875.4","1593.7","3313.9","3309.2","3245.4"
"1060.6","1052.1","1043.4","1369.7","3511.9","1419.5","1025.2","2194.3","1862.8","3313.1","3307.1","3366.3"
"1059.6","1053.1","1093.6","1590.9","2764.5","1628.8","1391.7","2935.1","2261.9","3168.5","3306.9","3207.1"
"1059.1","1060.9","1157.9","1653","1067.8","1123.4","1444","3635.4","2975.4","3311.4","3299.7","3309.5"
"1059.9","1075.1","1214.5","1622.1","1916.7","684.41","1032.9","3344.7","3385.4","3310.2","3307","3444.5"
"1062.6","1094.1","1264","1621","1125.7","753.45","832.05","2636.8","3126.2","3310.1","3301.6","2969"
"1067.3","1116.3","1302.7","1510.2","0","524.65","742.38","2364.4","2686.9","3307.5","3272.9","3207.1"
"1074.2","1139.5","1318.9","1330.1","0","178.16","473","2451.3","2489","3303.1","3268.9","3290.9"
"1083","1160.8","1314.4","1245.6","1614.5","304.5","275.49","2169.2","2440.9","3299.1","3271.9","3300.3"
"1093.1","1178.8","1308.9","1320.7","2293.3","739.11","431.74","1879.4","2105.1","3296.1","3277","3337.9"
"1104.1","1194.5","1316.2","1459.8","2796.2","1037.3","737.04","2312.6","2072.8","3294","3276.5","3167.4"
"1115.6","1210","1340.2","1589.5","2148.7","1036.6","962.24","2723.5","2375.9","3148.3","3270.4","3318.3"
"1127.6","1227","1373.8","1690.5","2897.6","996.18","972.54","2767.6","2642.5","2966.2","3278.5","3371.4"
"1140.3","1246.4","1420.1","1917.6","4707.4","1518.9","1099.4","2670.5","2684.9","2774.8","3281.3","3189.5"
"1154","1270.3","1494.2","2205.9","3741.1","1936.1","1572.6","2788.8","2699.6","2714.8","3277.8","3353"
"1169.2","1301.2","1587.9","2398.3","3943.5","1878.7","1778.2","3124.9","2845.1","2738.2","3283.2","3274.6"
"1186.7","1340.1","1694.9","2660.5","5589","2420","1946.3","3240.1","3107.5","2893.4","3282.9","3289.8"
"1207.1","1388.2","1826","2988.2","5156.4","3118.8","2208.4","3810.6","3262.7","3065.3","3277.7","3159.5"
"1231.3","1447.2","1975.3","3176.8","3646.3","2812.5","3110.9","4720.9","3963.9","3385.8","3270.1","3300.3"
"1260.1","1517","2122","3267.7","4375.7","2642","2745.7","4635.6","4500.5","3246.2","3271.9","3260.4"
"1294.3","1595.7","2264","3358.8","3511.7","2523.1","2769.9","4061.4","4410.4","3521.6","3275.8","3375.9"
"1334.1","1681.6","2397.5","3477.1","5672","2370.9","2415.3","3957.9","4090.6","3492.8","3286.6","3351"
"1379.7","1773.3","2537.4","3679.5","4400.1","2724.1","2593.5","4390.3","4127.1","3303.4","3294","3344.9"
"1431.1","1870.9","2677","3737.9","3799.4","2235","2530.9","4647.1","4417.2","3447.9","3293.7","3207.1"
"1488.2","1973","2805.5","3822","5424.1","2451.8","2305.1","4470.4","4521.9","3249.3","3294.3","3444.5"
"1550.8","2078.2","2934.4","3948","4054.4","2663.4","2576.8","4261.2","4426.6","3413.8","3303.9","3262.9"
"1618.6","2186","3057.3","4027.4","5507.3","2586.6","2522.1","4201","4278","3400.3","3291.5","3099.5"
"1691.3","2295.6","3180.8","4182","5029.8","2921.2","2294.2","4543.8","4249.5","3386.6","3284.7","3451.1"
"1768.5","2406.9","3304.8","4275.4","4862.4","2818.5","3100.8","4834.2","4170.8","3375.3","3299.7","3344.9"
"1849.8","2519.5","3424.6","4377.2","5532.8","2964.2","2919.6","4796.9","4075.5","3366.6","3306.7","3379.2"
"1934.9","2632.9","3543.4","4453.9","4223.9","2959.3","2472.9","4908.6","3990.6","3359.7","3310.7","3279.5"
"2023.3","2746.6","3650.8","4432.9","4363.3","2581.2","3180","4844.6","3915.1","3353.7","3307.1","3282.5"
"2114.8","2858.8","3744.3","4454.2","5008.4","2601.1","2779.4","4730.6","3847.9","3348","3304.6","3290.9"
"2208.6","2968.5","3831.4","4487","4283.9","2620.5","2699.1","4622.5","3788","3342.8","3305","3336.5"
"2304.1","3075","3908.4","4461.6","4257.5","2435.7","2582.2","4520.5","3734.7","3338.5","3307.1","3300.3"
"2400.8","3177.5","3974.6","4501.8","5663.1","2685.9","2511.4","4424.5","3687.3","3334.8","3310.5","3390.5"
"2498","3275.7","4043.1","4597.5","4731.7","2886.2","2753","4232.6","3636.8","3152.3","3318.3","3353"
"2595.1","3370.3","4110.6","4643.1","5351.5","2928.2","2787.6","4224.6","3580.3","3179.4","3319.6","3290.9"
"2691.8","3461.7","4178","4722.3","5261.2","3151","2997.3","4181.7","3539.4","3329.2","3313.1","3224.2"
"2787.7","3550.2","4245.7","4774.3","4984.8","3198.6","3093","4103.9","3514.2","3326.8","3302.5","3224.2"
"2882.6","3636.2","4308.4","4726.3","3401.9","2744.7","3004.7","4032.6","3491.7","3323.5","3295.1","3266.3"
"2976.3","3718.5","4352.5","4650.2","5140.5","2516.2","2737.8","3967.1","3471.5","3319.8","3285","3122.1"
"3068.4","3795.9","4390.3","4686.8","4707.4","2859.4","2771.4","3907.1","3453.2","3314.9","3274.2","3309.5"
"3158.5","3868.4","4424.7","4637.9","3589.8","2320.4","2700","3852.2","3436.5","3310.3","3282","3386.6"
"3246.4","3935.8","4443.7","4489.4","3077","1615.5","2227.8","3801.9","3421.3","3307.4","3289.1","3270.9"
"3331.4","3996.5","4442.9","4397.7","4748.6","1643.1","1740","3755.9","3407.6","3305.1","3283.8","3201.5"
"3413.3","4049.5","4440.3","4479.2","5567.3","2523.9","1933.4","3713.8","3395.2","3302.2","3280.1","3336.5"
"3491.3","4096.5","4450.3","4576.1","4895.6","2905.2","2515.2","3675.1","3377.4","3156.8","3305.1","3733.8"
"3565.5","4139.4","4467.2","4618.4","4968.1","2979.1","2749.9","3638.5","3357.8","3303.2","3355.2","3685.9"
"3635.8","4179.4","4486.6","4629.6","4322.8","2898.9","2950.5","3604.7","3351.6","3311.1","3386.4","3506.2"
"3702.4","4216.8","4502.4","4615","4803.1","2557","2763.6","3574.3","3347.2","3320.7","3396.4","3430.8"
"3765.4","4251.5","4515.7","4583.4","3625.4","2252.8","2588.6","3547.1","3344.5","3329.9","3399.3","3409.1"
"3824.8","4283.3","4519.6","4527.4","4894.3","2106.3","2155.3","3522.9","3343.1","3338.2","3400.1","3402.9"
"3880.8","4311.6","4523","4591.3","5334","2610.4","1934.1","3501.4","3342.9","3345.6","3400.3","3401.1"
"3933.4","4337.3","4535","4664.6","4983.4","3024.4","2153.2","3482.5","3343.5","3352.1","3400.4","3400.6"
"3982.7","4361.6","4551.1","4645.2","3749.4","2745","1714.8","3465.8","3336.6","3177.9","3400.4","3400.5"
"4029","4384.6","4558.5","4598.2","5013.3","2575.9","1824","3449.7","3326.1","3363","3400.4","3400.4"
"4072.4","4405.7","4566.1","4673.8","5621.7","3047.8","1759.5","3435.2","3330.7","3367.4","3400.4","3400.4"
"4113","4425.5","4584.3","4784.9","5559.8","2960.4","2781.1","3422.8","3327","3191.4","3400.4","3400.4"
"4151.2","4445.7","4612.3","4867.2","5358.8","2883.8","1586.8","3410.6","3311","3194.8","3399.6","3382.7"
"4187.3","4467","4645.5","4925.7","5355.6","2763.1","2320.3","3398.2","3305.6","3377.6","3394.6","3318.8"
"4221.7","4489.9","4681.2","4969.8","5200.4","2724.7","2636.6","3387.4","3306","3199.2","3384.2","3287.4"
"4254.8","4514.4","4716.6","4985.6","4943.9","2653.7","1323.7","3377.3","3301.5","3379.2","3371.9","3270.9"
"4286.9","4540","4748.5","4982.5","4957.1","2519","1840.7","3368.7","3310.7","3377.7","3356.4","3195.8"
"4318.3","4566.2","4776.1","4972.1","4824.4","2461.4","2348","3362.1","3318.6","3374.4","3342.4","3309.5"
"4349.1","4592.3","4799","4971.9","5175.2","2446.4","2318.4","3357.2","3325","3370.3","3336.4","3262.9"
"4379.3","4618","4820.7","4993.5","5122.1","2471.2","3191.8","3353.7","3330.2","3365.9","3331.5","3346.7"
"4408.9","4643.1","4841.8","4995.8","4862.4","2539.5","2808.1","3351.1","3334.3","3361.9","3331.6","3309.5"
"4438","4667.7","4859.3","4974.1","4720.1","2595.4","3326.9","3349.2","3337.4","3358.1","3328.1","3290.9"
"4466.4","4691.1","4871.9","4963","5154.8","2665.2","2948","3347.9","3339.7","3354.3","3323.3","3282.5"
"4494.3","4713.2","4883.5","4965.4","4707.4","2698.1","2931.3","3347","3341.3","3350.3","3315.8","3226.4"
"4521.3","4734","4890.7","4884.5","3615","2717","2736.4","3346.3","3335.8","3206.5","3315.2","3444.5"
"4547.6","4752.5","4883.8","4779.9","4622.2","2743.5","3263.2","3344.1","3313.2","3052.1","3322","3257.6"
"4572.7","4767.5","4868.5","4664.8","2537.4","2804.9","3251.2","3339.1","3288.4","3188","3308.8","3136.7"
"4596.5","4778.2","4832.2","4406.1","2429.5","2510.7","3059.9","3332.6","3283.2","3335.3","3294.2","3266.3"
"4618.4","4782","4773.4","4320.3","5696.1","2101.7","3409.2","3327","3289.1","3330.2","3291.2","3273.5"
"4637.8","4778.6","4724.5","4358.4","2951.8","2252.6","1959.2","3322.4","3277.3","2965","3263.8","2722.5"
"4654.3","4769.9","4672.3","4160.3","2289.8","1138.1","3029.8","3315.6","3256.2","3314.6","3199.5","2727.9"
"4667.5","4755.2","4602.9","4041.2","4556.2","1075.1","2480.6","3308.8","3262.4","3298.2","3139.8","2652.1"
"4677","4733.9","4539.8","4152.2","5635.6","2154.4","1751.8","3303.5","3265.7","3276.5","3080.8","2634.5"
"4682.6","4708.7","4498.6","4169.5","2159.6","1885","1563.4","3299","3265.9","3250.2","3003.3","2104.9"
"4684.5","4681.6","4449.8","4013.9","3990.6","1122.6","1198.4","3294.9","3262.5","3216","2913","2472.5"
"4682.8","4651.5","4399.2","4083.7","5571.9","1915.3","1746.8","3290.8","3255.2","3177.9","2882.9","2961.1"
"4677.6","4619.8","4369.4","4233.7","4973","2600.1","2261.1","3285.7","3227.7","2780.6","2896.8","3060.2"
"4669.3","4589.3","4355.9","4253.5","3467.2","2894.6","1534.1","3276.6","3189.7","3114.8","2917.8","3093.5"
"4658.5","4560.8","4339.2","4156.9","3414.5","3078.6","1965.8","3265.8","3179.6","3092.3","2938.7","3093.5"
"4645.5","4533.3","4314.6","4131","4771.5","2941","1858.6","3254.9","3161.3","2921","2950.6","2949.5"
"4630.9","4506.2","4296.9","4235.6","5380.1","2799.7","1594.1","3242.5","3139","3059.6","2937.4","2665.6"
"4614.8","4481.1","4296.1","4373.4","5406.4","2693.1","2402","3229.7","3128.8","3043.2","2889.1","2319.5"
"4597.9","4459.5","4310.3","4457.8","4565.5","2633.2","1852.8","3217.2","3117.7","3021.7","2826.8","2440.8"
"4580.5","4442.6","4328.9","4491.7","5019.1","2547.9","2023.2","3204.4","3089.8","2663.6","2792.3","2692.3"
"4563.5","4430","4351.1","4545","4833.9","2460.1","1473.1","3188.6","3053.1","2971.3","2765.6","2370.3"
"4547.1","4421.7","4374.8","4530.6","3769.9","2366.7","2002.3","3172","3042.1","2944.3","2707","2121.5"
"4531.9","4416.9","4388.2","4398","2856.7","2314.5","1810.8","3155.9","3029.1","2912.8","2642.1","2229.5"
"4518.1","4413.4","4382.9","4318.5","5130.2","2245.5","1619.4","3140.1","3013.6","2878.6","2609.1","2581.7"
"4505.4","4409.5","4379.4","4394.5","4638.2","2170.3","1606.3","3124.1","2989.5","2704.3","2622.5","2944.2"
"4493.8","4406","4381.6","4378","3684.2","2110.7","1773.3","3106.6","2960.8","2821.7","2662.3","2977.2"
"4483.2","4403","4377","4283","3416.4","2049.5","1317.5","3088.4","2943.3","2804.5","2702.8","3039.5"
"4473.5","4399.3","4362.6","4259.1","5148.9","1974.8","1592.8","3070.3","2926.3","2794.3","2742.9","3039.5"
"4464.4","4394.4","4353","4258.4","2820.7","1951.1","2068.1","3052.4","2910.3","2789.5","2760.4","2649.5"
"4455.8","4388.8","4336.2","4207.3","5443.1","1932.4","1356.1","3034.7","2895.7","2785.3","2745.7","2618.3"
"4447.5","4381.9","4325.6","4250.6","3143.3","1869.7","1487.7","3017.5","2882.3","2780.1","2741.5","2856.6"
"4439.3","4374.6","4312.2","4204.5","5046.9","1858.1","2225.3","3000.8","2869.9","2776.3","2759.9","2958.5"
"4431.3","4366.7","4304.1","4304.6","5040.1","1876.4","1669.7","2984.7","2858.7","2775.6","2790.8","3116.6"
"4423.2","4359.3","4307.3","4346.9","4016","1853.1","1701.8","2969.2","2848.9","2779.2","2827","3059.2"
"4415.3","4353.3","4309.9","4295.3","3787.1","1824.2","1466","2954.5","2840.9","2786","2845.1","2848.9"
"4407.7","4348","4306.2","4274.5","4653","1788.2","1612.1","2940.6","2834.6","2792.8","2832.6","2567"
"4400.3","4342.9","4304.2","4305.7","4312.9","1742.6","1075.7","2927.7","2829.8","2796.2","2810.2","2769.5"
"4393.2","4338.3","4304","4284.5","3838.2","1680.3","1450.6","2915.7","2819.2","2650.6","2813.4","2944.2"
"4386.5","4334","4298.9","4219.3","3579.7","1655.6","1509.2","2903.4","2805.9","2800.3","2824.3","2842.5"
"4380","4329.3","4285.8","4141.7","3552.9","1658.5","1952.7","2891.8","2805.4","2803.2","2822.4","2753.6"
"4373.7","4323.2","4265.6","4086.9","3891.6","1672.5","1495.1","2881.2","2793.5","2550","2810.6","2676.4"
"4367.3","4315.3","4242.7","4037.8","3333.2","1639","1225.7","2869.6","2776.2","2805.2","2807.7","2961.1"
"4360.7","4305.4","4214.3","3956","3381.3","1612.8","1728.7","2858.6","2779.7","2806","2810.3","2618.3"
"4353.6","4293","4180","3872.2","3054.3","1608.8","1341.1","2849.4","2782.8","2805.6","2794.3","2769.5"
"4345.7","4277.7","4139.3","3807.5","3785.8","1579.2","1391.7","2841.4","2779.4","2670.9","2804.7","3060.2"
"4336.8","4259.4","4099.4","3792.8","3503.1","1563.3","1532.8","2833.5","2772.6","2806","2842.2","3213.1"
"4326.6","4238.5","4060.5","3722.2","2722.6","1563.7","1619.3","2826.5","2776.8","2812.5","2888.4","3255.5"
"4315","4215.3","4014.2","3590","2443.3","1571.5","1644","2820.6","2774.3","2666.8","2937.8","3379.2"
"4302","4188.8","3958.4","3510.5","3686.3","1579.7","1633.8","2814.4","2757","2569.3","2988.1","3327.8"
"4287.1","4158.8","3904.9","3479.8","2566.8","1577.3","1442","2806.8","2747.9","2859.2","3021.7","3177"
"4270.3","4126","3849.3","3384.1","2852.9","1558.3","1379.7","2800.4","2762.1","2879.5","3044.6","3272.9"
"4251.5","4090.3","3791.2","3335.8","3189.8","1537.1","1383.3","2796.5","2777.1","2900.6","3074.8","3337.9"
"4230.6","4052.1","3736.7","3349.4","3866.1","1505","1083.7","2794.9","2792.8","2922.8","3104","3290.9"
"4207.5","4012.4","3692.3","3358.7","2713.5","1488.3","1813.4","2795.3","2802.6","2798.2","3129.2","3353"
"4182.3","3972.2","3648.6","3267.4","2405.3","1515.6","1563.8","2796.3","2809.9","2968.6","3151.3","3252.6"
"4155.4","3931.4","3598.6","3180.8","2757.4","1500.2","1103.6","2798.8","2829.8","2990.9","3163","3245.4"
"4126.8","3889.3","3545.9","3104.6","2200.1","1482.7","1753.3","2803.3","2841.8","2831.9","3173.4","3258.1"
"4096.5","3845.8","3489.3","3050.6","3371.2","1523.1","1929.9","2807.8","2842.8","2880.2","3190.9","3419.2"
"4064.5","3800.8","3438.1","3056.4","2668.6","1541.4","1272.4","2812.4","2855.2","3051.9","3210.7","3258.1"
"4031","3755.4","3391.5","3061","3774.7","1526","1636.1","2818.6","2879.5","3071.3","3226.6","3481.3"
"3996","3710.2","3355.6","3123.1","3274.6","1540.3","1662","2827","2903.3","3091.2","3250.7","3344.9"
"3959.9","3666.6","3328.5","3130.7","3049.1","1542.2","1386.1","2837.2","2926.6","3110.7","3262.3","3353"
"3923","3625.2","3304.6","3129.4","3230.6","1523.6","1387.9","2848.7","2943.2","2993.2","3272","3327.8"
"3885.7","3586","3283.7","3115.8","2672.8","1511.8","1482.9","2860.4","2956.2","3146.5","3274.6","3238.7"
"3848.2","3548.9","3261.1","3059","2587.7","1501.9","1342.9","2872.9","2979.6","3161.7","3273.5","3309.5"
"3810.9","3513.4","3234.5","3009.4","2730.2","1479.3","1262.3","2886.7","3002","3175.2","3277.4","3299.8"
"3773.8","3478.9","3206","2970.7","2612.8","1468.6","1594","2901.4","3023.2","3187.5","3280.9","3318.3"
"3737.1","3445","3176.4","2951","3113.1","1483.1","1585.4","2916.9","3043.3","3199","3291.8","3458.4"
"3700.7","3411.7","3149.9","2943.6","2533.1","1477.9","1205","2932.9","3062.4","3210.8","3299.9","3201.5"
"3664.7","3379.2","3122.8","2887.5","2377.7","1464.1","1615","2949.2","3080.6","3220.9","3290","3242"
"3629.2","3347.3","3092.3","2846.4","2805.6","1474.1","1440.6","2965.6","3097.7","3228.9","3286.5","3290.9"
"3594.1","3315.5","3062.5","2829.2","2539.1","1470.6","1452","2981.9","3103.1","3004.7","3289.1","3335.2"
"3559.5","3284","3033","2794.1","2528.2","1461.8","1306.5","2996","3102.3","3242.4","3293.8","3318.3"
"3525.2","3252.7","3003.9","2804.8","3450.5","1450.9","1475.1","3009.3","3111.4","3077.8","3299.7","3382.7"
"3491.2","3222","2983.6","2869","3172.2","1448.2","1350.9","3021.5","3115.6","3255.2","3305.8","3299.8"
"3457.8","3192.9","2971.9","2918.7","3470.3","1442","1469.4","3033.5","3132.5","3261.2","3304.3","3282.5"
"3424.9","3166.3","2967.7","2941.8","2536.4","1448.8","1545.5","3046","3148.1","3266.3","3304.5","3344.9"
"3393","3142.4","2962","2878","2201.6","1459.2","1522.6","3058.9","3162.4","3270.9","3300.6","3155.2"
"3362.1","3120.4","2948.7","2822.1","2740.6","1458.4","1338.6","3071.8","3175.5","3273.8","3294.4","3398"
"3332.3","3099.2","2932.5","2778.4","2001.6","1461.8","1726.8","3084.8","3187.3","3276.9","3307.7","3417.5"
"3303.5","3078.3","2909.2","2662.6","1497.8","1485.7","1559.1","3097.5","3198.2","3281","3311.9","3224.2"
"3275.7","3056.7","2874.3","2571.2","2533.1","1496.2","1594.3","3110","3208.3","3284.4","3310.3","3417.5"
"3248.5","3033.2","2837.9","2564.9","2494.9","1491.8","1245.1","3122.1","3217.5","3288.1","3322.3","3399.5"
"3221.7","3008.4","2805.6","2589.1","3202.7","1445.4","876","3133.9","3226.1","3292.4","3325.2","3262.9"
"3195.1","2983","2782.8","2642.1","2759.6","1396","1278.3","3145.1","3226.6","3131.3","3321.6","3346.7"
"3168.7","2958.4","2766.9","2664.8","2949.3","1388.1","1412.4","3154.5","3223","3299.2","3322.9","3309.5"
"3142.5","2935","2756.1","2688.2","2719.9","1394.3","1483","3163.1","3232.2","3301.9","3318.4","3245.4"
"3116.7","2913.3","2748.3","2700.8","2913.6","1410.9","1615","3171.7","3240.6","3303.5","3311.4","3282.5"
"3091.5","2893.4","2743.6","2712.4","2614.1","1425","1392.3","3180.3","3248.1","3304.2","3302.1","3155.2"
"3067.1","2875.3","2738.6","2666.1","1862.8","1421.1","1391.8","3188.7","3254.8","3303.3","3292.4","3326.9"
"3043.4","2858.5","2725.9","2592","2335.2","1429","1639.5","3196.8","3260.5","3302.2","3300.7","3417.5"
"3020.6","2841.9","2708.5","2564.7","2407.5","1439.2","1315.9","3204.7","3265.5","3302.5","3305.6","3219.5"
"2998.5","2825.2","2690.1","2527.2","1998.3","1425.8","1343.6","3212.1","3269.9","3302.4","3295.2","3218"
"2977.1","2808.1","2668.1","2482.6","2401.2","1419.9","1429.4","3219.2","3273.7","3301.3","3293.4","3379.2"
"2956.1","2790.3","2645.7","2480","2557.5","1434.1","1713.8","3225.9","3277","3300.7","3298.7","3272.9"
"2935.5","2772.2","2626.3","2487.4","2519","1459.6","1542.7","3231.8","3266","3000.2","3292.1","3196.3"
"2915.2","2754","2610.3","2508","2884.7","1469.9","1551.1","3234.5","3240.1","3125.4","3293","3463.8"
"2895.1","2736.3","2600.2","2553.2","2891.7","1468.1","1300.4","3234.4","3219.9","2985","3311.3","3419.2"
"2875.4","2719.9","2596.8","2610.4","3258.1","1473.1","1844.1","3231.5","3200.1","3163.5","3315.2","3224.2"
"2856.2","2705.3","2601.2","2646.4","2360.7","1499.2","1450.2","3227.7","3202.1","3302.4","3311.3","3374.7"
"2837.6","2693.1","2605.2","2621.1","2552.7","1523.9","2114.8","3225","3201.5","3028.5","3318.5","3366.3"
"2819.9","2682.7","2607.2","2638","3101.5","1563.4","1439.2","3221.5","3193.6","3305.7","3319.9","3272.9"
"2803.1","2674","2612.9","2664.2","2465.4","1527.7","984.89","3218.8","3207","3307.3","3319.5","3386.6"
"2787.4","2667","2618","2645","2560.4","1480.8","1372.7","3217.9","3219.1","3309.1","3325.6","3344.9"
"2772.7","2661.3","2621.3","2661.9","3149.1","1485.9","1764.8","3218.6","3229.9","3311","3322.3","3224.2"
"2759.2","2656.8","2628.4","2694.6","2597.2","1528.1","1959.5","3220.2","3232","3146.3","3312.9","3272.9"
"2746.9","2653.7","2635.3","2662.6","2155.8","1612.1","2668.2","3221.3","3229.4","3311.7","3306.4","3235"
"2735.7","2651.6","2636.5","2641.8","3023.6","1696.8","1769.8","3222.6","3232.6","3166.8","3301.3","3309.5"
"2725.6","2649.9","2639","2673.8","2726.4","1673.4","1070.5","3223.6","3231.3","3309.6","3298.4","3226.4"
"2716.5","2648.8","2643.2","2668.7","2475.6","1619.4","1460.4","3224.9","3240.5","3307.9","3293.2","3300.3"
"2708.4","2648.3","2645.4","2657","2723","1647.9","2494.4","3227.2","3248.5","3306.3","3297.3","3371.4"
"2701.2","2648","2647.5","2680.1","3051.6","1705.2","1543.7","3230","3255.4","3305.5","3297.8","3189.5"
"2694.9","2648.2","2653.7","2736.8","3321.9","1671.9","1237.6","3233.3","3261.3","3304","3289.6","3290.9"
"2689.3","2649.4","2666.1","2766","2434.8","1634","1539.9","3236.9","3266.3","3302.3","3287","3230.9"
"2684.7","2651.9","2676.5","2744","2816.6","1640.8","1933.2","3240.4","3262.2","3120.3","3289.8","3437.6"
"2680.9","2655.2","2684.8","2743.7","2623.2","1685.6","2149.6","3242.4","3253.5","3299.6","3294.2","3150.7"
"2678","2659","2690.5","2697.9","1939.4","1716","1606.6","3244","3259","3298.3","3282.7","3272.9"
"2675.9","2662.7","2687.8","2640.9","2669","1703.3","1614.4","3246","3263.6","3296.4","3284.1","3328.8"
"2674.5","2665.5","2682.9","2668.3","3191.8","1696.7","1700.5","3248.3","3267.4","3295.1","3285.5","3242"
"2673.5","2667.5","2683.7","2714.9","2846.8","1684.9","1433.1","3250.7","3270.7","3293.8","3285.5","3355.2"
"2672.9","2669.6","2687.6","2699.9","2176.8","1655.9","1455.9","3253.2","3273.4","3293.1","3289.6","3262.9"
"2672.6","2671.8","2687.2","2691.1","3340.8","1598.2","719.46","3255.7","3275.7","3292.5","3284.4","3219.5"
"2672.6","2673.7","2690.5","2729.5","2486.4","1528","1472.7","3258.2","3277.7","3291.1","3273","3140.7"
"2672.8","2675.9","2694.9","2752.2","3612.8","1539.7","1870.5","3260.6","3279.2","3288.4","3266.4","3339.5"
"2673.3","2678.6","2706.2","2838.7","3263.3","1571","1692.8","3262.9","3280.1","3285.9","3262","3055.4"
"2674.1","2682.7","2723.8","2858.8","2600.9","1607.2","2166.7","3265","3280.7","3282.2","3251.3","3357.7"
"2675.4","2688.3","2738.3","2823.9","2512.9","1649.3","1629","3266.8","3280.7","3279.1","3261.3","3299.8"
"2677.2","2694.7","2746.7","2781.1","2388.7","1646.7","1625.6","3268.5","3280.4","3277.1","3265.5","3291.8"
"2679.6","2701.1","2747.8","2699.6","1630.7","1644.2","1626.7","3269.9","3280","3276","3275.1","3432.2"
"2682.4","2706.3","2737.7","2647.1","3265.1","1658.4","1981.5","3271.1","3279.5","3276.7","3287.8","3300.3"
"2685.4","2709.6","2730.8","2742.6","3742.2","1684.7","1714.4","3272.1","3279.2","3278.1","3289.3","3300.8"
"2688.4","2712.3","2737.1","2825.8","2957.6","1693","1819.1","3272.9","3279.2","3279.4","3288.9","3262.9"
"2691.4","2715.7","2748.2","2834.5","2804.9","1716.4","2000.8","3273.5","3272.7","3137.9","3292.4","3405.3"
"2694.5","2720.1","2758.1","2816.5","2488.7","1733.4","1631.1","3272.8","3263.3","3282.6","3304.4","3374.7"
"2697.8","2724.9","2763.6","2795.4","2882.5","1787.8","3083.5","3271.8","3265.7","3285.5","3307.8","3265.2"
"2701.2","2729.7","2767.9","2809.9","2968.9","1917.6","2544.4","3271.2","3268.2","3287.9","3303.4","3281.1"
"2704.9","2734.5","2773.1","2794.3","2215.2","2000.7","2725.2","3270.9","3270.6","3289.7","3301.6","3300.3"
"2708.6","2739.2","2773.9","2799.5","3831.5","2044.4","1796.2","3271","3272.9","3291.1","3303.6","3346.7"
"2712.5","2743.6","2781.7","2871","2708.3","2049.3","2546.5","3271.3","3275.2","3292.9","3308.7","3344.9"
"2716.4","2748.6","2792.8","2917.3","4143.2","2125.1","2907.1","3271.9","3277.4","3294.9","3308.6","3249.5"
"2720.5","2754.7","2813.5","3012.9","3041.8","2163.9","1719.9","3272.5","3273.5","3164.2","3297.4","3159.5"
"2724.9","2762.9","2837.7","3029.1","3318.2","2140.7","2368.3","3272.1","3266.5","3295.5","3281.7","3174.5"
"2729.9","2772.9","2861.9","3052.4","3076.1","2200.9","3088.7","3271.5","3263.3","3150.2","3278.3","3379.2"
"2735.6","2784.6","2885.5","3088.5","3805.2","2273.8","2369","3270","3256.3","3292.1","3286.3","3290.9"
"2742","2797.8","2913.6","3170.7","3733.3","2272.4","2092.2","3268.4","3253","3126.9","3287.7","3309.5"
"2749.3","2813.2","2946.7","3203.2","2976.2","2280.2","2728.9","3266","3245.5","3291","3285","3195.2"
"2757.7","2830.5","2976.4","3194.8","3380.3","2306.2","2131.6","3263.8","3250.9","3289.8","3273.8","3184.1"
"2767.3","2849.2","3003.9","3232.9","3725.9","2275.1","1906.2","3262.5","3255.4","3287.5","3270.5","3344.9"
"2777.9","2869","3033.7","3282.2","3517.6","2198.1","1188","3261.8","3259.2","3285.8","3273","3207.1"
"2789.7","2890","3064.5","3299.6","3281.6","2111.7","1930.2","3261.7","3262.3","3284","3271.8","3351"
"2802.7","2912.2","3093.2","3333.8","4080.5","2081.8","1749.6","3261.9","3264.8","3283","3279.7","3318.3"
"2816.8","2935.2","3125.5","3396.6","3499.3","2036.8","1632.7","3262.3","3266.9","3282.8","3285.5","3344.9"
"2832","2959.4","3159.2","3447.5","4350.5","1985.6","1567.3","3263","3268.9","3283.5","3291.4","3318.8"
"2848.4","2985","3198.4","3540.5","4017.8","1933.3","1515.8","3263.7","3270.7","3284.5","3292.2","3265.2"
"2865.9","3012.4","3241.5","3579.3","3624","1882.1","1484","3264.6","3272.3","3285.2","3283.6","3146.5"
"2884.7","3041.6","3281.1","3540.8","2672","1847.7","1768.4","3265.5","3268.3","3162.6","3270.3","3213.1"
"2904.8","3071.6","3308.1","3480.1","3604.3","1835.5","1710.2","3265.2","3253.6","3118.3","3267.9","3309.5"
"2926","3100.7","3329.2","3487.8","3449.8","1817","1632.4","3263.2","3244.9","3280.7","3263.7","3110.5"
"2948.2","3128.9","3348.4","3510.5","4054.4","1803.8","1824.6","3261.2","3249.1","3277.9","3252.1","3255.5"
"2971","3156","3370.4","3555.9","3618.3","1789.8","1464.1","3260","3252.4","3274.9","3255.4","3318.3"
"2994.3","3182.7","3392.6","3547.7","3280.3","1775.7","2003.6","3259","3248.4","3130.5","3256.7","3184.1"
"3017.9","3208.5","3409.6","3516","3285.2","1778.3","1468.3","3257.2","3240.8","3270.7","3255.4","3344.9"
"3041.8","3233.1","3420.7","3477","3043.8","1741.3","1468","3255.3","3237.5","3120.6","3258.7","3184.1"
"3065.7","3255.7","3424.9","3418.4","2892.8","1725.2","1826.3","3252.7","3230.3","3267.6","3252.5","3242"
"3089.3","3275.8","3422","3396.2","3774.5","1746","2018.2","3250.2","3234.7","3265.8","3254.3","3309.5"
"3112.4","3293.1","3421.4","3459.3","4148.9","1760.6","1629.4","3248.5","3238.3","3264.6","3253.4","3146.5"
"3134.6","3308.7","3429.4","3523.5","3760.2","1770.2","2177.6","3247.5","3241.4","3262.7","3244.3","3226.4"
"3156.1","3323.7","3441.5","3529.7","3283.8","1793.9","1636.3","3246.7","3238","3135.1","3244.2","3270.9"
"3176.8","3338.2","3451.1","3523.9","3796.6","1791.6","1995.1","3245.1","3225.7","3133.3","3245.1","3219.5"
"3196.7","3352.1","3461.3","3553","3721.6","1782.7","1273.8","3242.2","3212.1","3077","3247","3327.8"
"3215.8","3365.7","3473.1","3571.9","3694.5","1738.2","1626.1","3237.9","3198","3120.6","3256.2","3318.3"
"3234.3","3379","3484.5","3533.8","2557.1","1735.5","1857.3","3232.8","3195","3256.6","3265.2","3353"
"3252.2","3391.8","3485.9","3463.8","3567.9","1739.3","1624","3228.7","3202.4","3258.1","3276.3","3366.3"
"3269.3","3402.9","3484","3486.2","3785.8","1711.9","1327.7","3225.8","3209.1","3260.6","3277.7","3163"
"3285.7","3412.6","3486","3523.9","3811","1676.6","1556.7","3224.1","3215.4","3262.1","3267.1","3230.9"
"3301.3","3421.6","3492","3548.9","3612.2","1669.2","1705.7","3223.4","3220.9","3262.4","3260.3","3177"
"3316","3430.3","3498.1","3506.4","2528.5","1669.6","1619.4","3223.3","3225.9","3261.7","3251.3","3195.8"
"3330","3438.3","3494.3","3423.8","3267.7","1663.5","1618.5","3223.8","3230.1","3260.2","3248","3268.7"
"3343.3","3444.6","3485.2","3413.7","3451.8","1644.6","1323.6","3224.7","3233.6","3259","3253.6","3337.9"
"3355.6","3449","3477.1","3429.5","3709.5","1626","1751.8","3225.9","3236.6","3258.7","3259.4","3245.4"
"3366.9","3452.2","3472.8","3454.6","3517.9","1643","1796.2","3227.2","3231.8","3095.7","3256.3","3213.1"
"3377.2","3454.5","3471.3","3478.6","3879.4","1685.9","2332.5","3227","3215.5","3095.3","3251.4","3218"
"3386.5","3456.6","3473.6","3485","2982.5","1738.2","1791.8","3225.1","3208.6","3257.1","3246.1","3190.5"
"3394.9","3458.6","3471.4","3390.5","2230.6","1719.8","1250.9","3223.4","3214.3","3255.6","3243.7","3282.5"
"3402.6","3459.6","3456.1","3292.5","3105.9","1639","709.96","3222.5","3219.2","3254.4","3247","3252.6"
"3409.4","3458.2","3435.8","3281.8","3351.8","1553.6","1263.5","3222.3","3223.4","3253.5","3247","3238.2"
"3415","3454.7","3417.6","3280.8","3159.1","1528.4","1467.4","3222.6","3226.9","3252.7","3245.7","3233.9"
"3419.5","3449.5","3400.7","3268.4","3206.4","1541.3","1907.2","3223.1","3221.7","3071.8","3246.5","3281.1"
"3422.8","3442.9","3384","3235.6","2651.5","1561.6","1398.4","3222.1","3203.8","3071.3","3248","3224.2"
"3424.9","3435","3364","3212.5","3647.2","1581.6","2258.4","3219.2","3188.4","3079.9","3253","3394.7"
"3425.7","3425.7","3347.8","3239.1","3105.4","1677.1","2580.2","3215.1","3183.3","3251.9","3266.4","3319.3"
"3425.2","3415.8","3333.9","3213.9","2910.2","1772.1","2302.8","3211.5","3184.5","3098.9","3269.5","3249.5"
"3423.6","3405.3","3318.1","3184.6","3063.1","1791.7","1351.3","3207.8","3173.6","3084.4","3273.8","3394.7"
"3420.9","3394.2","3301.7","3183","3342.3","1754.3","1680.2","3203.4","3170.9","3258.4","3280.2","3219.5"
"3417.2","3382.5","3288","3179.3","2846.1","1691.9","514.9","3200","3181.5","3260.8","3280.3","3379.2"
"3412.5","3370.6","3273.4","3149.2","3050.5","1566.8","846.29","3198.2","3191.1","3263.7","3291.5","3366.3"
"3407","3358.3","3258.7","3169.9","3754.7","1524","1785.4","3197.6","3191.6","3087.4","3301","3379.2"
"3400.6","3346","3249.9","3168.6","2223","1574.1","2197.5","3196.5","3187.7","3271.8","3308.4","3336.5"
"3393.5","3333.9","3235.7","3093.2","3037","1623.9","1664.4","3195.9","3197.9","3276.2","3306","3213.1"
"3385.8","3321.4","3218.8","3106.7","3475.4","1643.5","1986.1","3196.6","3207.4","3279.2","3292.7","3164.1"
"3377.6","3308.6","3207.7","3161.8","3703.2","1688.9","2084.5","3198.3","3216","3280.2","3281.3","3249.5"
"3368.8","3296.4","3204.9","3209.8","3346.7","1762.8","2666","3200.8","3223.7","3280.1","3277.1","3242"
"3359.6","3285.5","3205.8","3204.3","2876.6","1837.4","1945.5","3203.8","3230.4","3279.6","3273.6","3255.5"
"3350.3","3276","3204.6","3203","3701.5","1899.9","3025.5","3207.3","3236.2","3278.9","3278.5","3410.2"
"3341.1","3267.5","3207","3254.8","3539.6","1940.9","994.92","3211","3241.3","3279.6","3293.3","3390.5"
"3332","3260.6","3213.6","3254.1","2782.6","1859.5","1679.7","3214.7","3239.1","3132.5","3297.3","3224.2"
"3323.2","3255.2","3216.4","3225.3","3380.8","1837.8","1673.6","3217.1","3233.3","3283.1","3290.3","3262.9"
"3314.9","3250.6","3217.2","3189","2185.3","1802.8","1337.1","3219.3","3239.3","3283.9","3291.2","3353"
"3307","3246.3","3210.1","3162.3","4188.2","1759.5","1605.2","3222","3244.7","3285","3294","3252.6"
"3299.6","3241.9","3209.8","3265.3","3791","1724","1231.8","3224.9","3249.5","3286","3295.4","3390.5"
"3292.5","3238.4","3219.5","3337.4","3971.4","1700.1","1989.3","3228.1","3254","3287.6","3302.5","3299.8"
"3286","3236.9","3237","3406","3842.5","1749.5","2315.4","3231.3","3258","3289.3","3299.4","3238.2"
"3280.1","3237.9","3259.6","3456.5","3809.1","1755","965.24","3234.5","3254.6","3133.6","3297.1","3346.7"
"3275.2","3241.6","3285","3498.9","3815.9","1698.2","1779.6","3236.4","3247.4","3291.2","3298","3238.2"
"3271.5","3248.1","3312","3522.5","3488.2","1708","1781.7","3238","3252.7","3291.7","3289.2","3201.5"
"3269.1","3256.9","3337.3","3533.4","3816.5","1722.7","1910.3","3239.9","3257.3","3291","3285.4","3346.7"
"3268.1","3267.6","3361.3","3522","2850.4","1734.2","1672.6","3242.2","3261.3","3290.8","3295.6","3410.2"
"3268.6","3279.6","3377.1","3461.2","3270.9","1714.5","1403.4","3244.6","3264.9","3291.9","3305.1","3319.3"
"3270.5","3291.7","3386.8","3472.7","3990","1651.4","837.39","3247.2","3268.2","3293.6","3307.7","3337.9"
"3273.5","3303.6","3399.4","3508.8","3433.3","1565.3","1077.4","3249.7","3264.4","3145.5","3306.4","3230.9"
"3277.7","3315.6","3411.9","3494.6","3321.6","1525.2","1470.1","3250.9","3257.1","3296.2","3297.9","3242"
"3282.7","3327.5","3421.2","3495.3","3786","1521.9","1541.1","3251.9","3261.8","3296.2","3298.2","3394.7"
"3288.6","3339.2","3431.7","3527.5","3755.8","1545.4","2004.6","3253.3","3265.9","3296.9","3303.2","3252.6"
"3295.2","3350.7","3444","3537.9","3372.9","1571.1","1370.8","3255","3269.7","3297.4","3301.1","3337.9"
"3302.3","3362.4","3454.6","3532.9","3708.8","1550.4","1440.9","3256.7","3266.1","3148.2","3306.7","3363.5"
"3310","3373.8","3464.8","3546.6","3535.6","1578.8","2343.8","3257.3","3259","3299.4","3310","3288.7"
"3318.2","3385.1","3474.4","3543.2","3495.5","1644.4","1785","3257.8","3263.9","3300.4","3301.1","3150.7"
"3326.7","3396.2","3482.2","3528","3291","1686.9","2346.9","3258.7","3268.2","3299.8","3290","3300.3"
"3335.4","3406.7","3485.9","3481.8","2905.2","1736","1701.5","3260","3271.9","3298.6","3290","3272.9"
"3344.4","3416","3482.8","3442.9","3558.3","1745.1","1989.8","3261.6","3275.1","3297.5","3285.2","3212.1"
"3353.3","3423.8","3478.8","3460.7","3643.5","1766.1","1811.3","3263.3","3277.6","3295.6","3278.1","3248.5"
"3362","3430.3","3477.1","3456.2","3071.2","1743.4","1198.4","3265.1","3279.7","3293.6","3283.6","3444.5"
"3370.4","3435.7","3472.7","3423.3","3356.7","1681.9","1274.4","3266.9","3281.3","3293.1","3293","3230.9"
"3378.4","3439.8","3466.8","3429.6","3660.2","1666.4","1995.9","3268.7","3282.7","3292.5","3277.5","3054.8"
"3385.9","3442.8","3462.9","3424.1","2948","1666.4","1140.1","3270.3","3276.9","3140.2","3262.2","3299.8"
"3392.8","3445","3455.4","3357.2","2728.6","1626.6","1639.1","3270.1","3249.2","2892.3","3268","3328.8"
"3399","3445.6","3439.3","3240.3","1814.1","1607.2","1185.5","3265.9","3224.6","3284.7","3271.6","3249.5"
"3404.5","3443.5","3408.8","3129.8","3097.9","1619.2","2540.7","3261.4","3231.7","3283.1","3270","3272.9"
"3409","3437.8","3375.2","3116.7","2910.5","1712.5","2180.6","3258.1","3237.8","3281.5","3271.2","3290.9"
"3412","3428.9","3342.2","3046.5","1916.7","1817.9","3260.2","3255.9","3242.9","3280.5","3276.9","3363.5"
"3413.5","3416.8","3302.1","2983.2","3472.7","1932.1","1999.6","3254.4","3239.9","3116.5","3286.4","3346.7"
"3413.2","3401.4","3267.3","3062.6","3920.5","1931.8","1818.9","3252.2","3232.7","3281.6","3293.7","3348.8"
"3411","3384.3","3247.5","3158.6","3783.7","1891.8","1241.1","3250.1","3238.6","3283.2","3292","3169.1"
"3407.1","3367.6","3240.4","3232.8","3775","1848.9","1997","3249","3244","3283.5","3276.7","3155.2"
"3401.6","3352.4","3241.8","3261.2","2986.7","1833.5","1276","3248.6","3248.6","3282.3","3275.5","3444.5"
"3395.1","3339.3","3243.6","3278.6","4074.4","1791.8","1815.1","3248.8","3252.6","3282.3","3289.9","3319.3"
"3388","3328.2","3251.7","3344.3","3441.5","1769.7","1274.4","3249.4","3256.2","3283.4","3293.4","3318.8"
"3380.4","3319.6","3263","3342.3","3154.9","1768.5","2533.9","3250","3242.1","2905.7","3294.7","3281.1"
"3372.8","3313.3","3272","3352.1","3855.1","1851.5","2353.3","3247.6","3219.5","3285.8","3293.9","3299.8"
"3365.5","3308.9","3284","3394.6","3475.4","1870","1452.5","3244.6","3227.4","3287","3301.3","3444.5"
"3358.6","3306.5","3298","3418","3774.5","1828.4","1631.5","3242.9","3234.6","3289.3","3308","3219.5"
"3352.4","3306.2","3314.2","3458.4","3729","1800.7","1539.7","3242.2","3241.2","3291","3299.3","3260.4"
"3346.9","3308","3333","3490.5","3709.7","1823.3","2709.4","3242.2","3240","3135","3292","3201.5"
"3342.5","3311.9","3352.8","3508.4","3544.9","1879.3","1628.5","3241.5","3234.7","3291.4","3285.7","3300.3"
"3339.1","3317.7","3371.6","3512.7","3543.7","1849.4","1627.7","3241","3241.4","3290.8","3289.3","3339.5"
"3336.8","3324.9","3388.7","3522.3","3672.8","1855.9","2346.9","3241.3","3247.3","3291","3297","3378.2"
"3335.8","3333.3","3405.6","3545.3","3765.5","1873.2","1446.3","3242.3","3252.5","3291.8","3292.7","3071.9"
"3335.9","3342.7","3423.5","3573.4","3822.5","1838.7","1805.8","3243.6","3250.9","3153.9","3281.7","3407.7"
"3337.2","3353.2","3441.2","3525.3","2128.8","1851.3","2165.6","3244.1","3245.6","3290.5","3290.9","3279.5"
"3339.6","3364","3445.5","3462","4376.2","1839.2","1085.4","3244.5","3251","3290.4","3284.8","3177"
"3343","3373.9","3452.4","3563.3","4207.9","1774.1","1625.4","3245.5","3255.6","3289.3","3280.3","3357.7"
"3347.1","3384","3469.2","3635.7","4110.5","1781.2","2165.4","3246.9","3259.6","3288.6","3285.5","3270.9"
"3352","3395.1","3491.8","3696.5","4180.3","1851.8","2705.7","3248.6","3263","3288.2","3285.5","3309.5"
"3357.7","3407.9","3518.2","3718.3","3405.3","1912.3","1806.1","3250.4","3266","3288","3290.3","3351"
"3364.4","3422.1","3539.6","3650.3","2752.8","1899.7","1806.7","3252.4","3268.7","3288.5","3292.4","3238.2"
"3371.9","3436.7","3549.3","3613.4","4257","1868.7","1373.9","3254.3","3263.9","3132.1","3287.4","3270.9"
"3380.3","3450.5","3560.3","3679.7","4030.4","1813.5","1456.2","3254.9","3255.3","3288.5","3287.6","3318.8"
"3389.3","3464.3","3576.7","3729.5","4225.3","1769.3","1421.5","3255.1","3259.3","3288.6","3290.5","3299.8"
"3398.9","3478.6","3597.4","3775.2","3910.7","1728.9","1444.4","3255.8","3262.8","3288.8","3292","3309.5"
"3409.1","3493.8","3618.7","3759.1","3214.9","1753.1","2710.6","3256.7","3265.9","3289.5","3300.3","3444.5"
"3419.9","3509.4","3632.8","3713.1","3628.9","1812.5","1517.3","3258","3268.8","3291.4","3308.4","3245.4"
"3431.3","3524.6","3641.4","3678.6","3097.5","1782.3","1626.1","3259.4","3271.6","3293.2","3306.8","3374.7"
"3443.1","3538.7","3642.6","3609.6","3105.4","1766.4","1686.8","3261","3274.2","3295.2","3315.6","3390.5"
"3455.1","3550.8","3635.7","3544.5","2998.7","1787.6","2354.2","3262.7","3276.9","3297.8","3315.3","3189.5"
"3466.9","3560.4","3622.3","3506.6","3593.6","1825.1","1698.4","3264.5","3279.4","3299.5","3315.7","3525.5"
"3478.4","3567.1","3608.8","3507.7","3397.4","1820.6","1929.8","3266.4","3282","3302.3","3324.2","3165.5"
"3489.2","3571.5","3595.7","3476","2987.4","1838.5","2036.1","3268.2","3277.6","3153.8","3301.9","3091.2"
"3499.1","3573.7","3579.3","3444.8","3578.3","1851.7","1810.6","3268.6","3261.4","3122.4","3272.8","3005.7"
"3508.1","3573.6","3564","3460.5","3572.2","1827.2","1383.1","3267.1","3252.9","3297.6","3249.4","3189.5"
"3515.8","3571.9","3552.1","3465.8","3396.7","1783.1","1577.8","3265.7","3258","3291.5","3242.3","3189.5"
"3522.4","3569","3540.9","3432.6","2861","1751.1","1413.3","3264.9","3261.7","3285.5","3241.9","3318.8"
"3527.8","3565","3525.2","3384.6","3289.5","1713.1","1462.2","3264.7","3264.3","3280.7","3249.3","3281.1"
"3532","3559.4","3507.7","3362.5","3064.8","1685.1","1505.6","3264.4","3251","2949.5","3260","3430.5"
"3534.9","3552.4","3488.8","3331.7","3155.7","1676.3","1779.4","3261.4","3230","3276.1","3275.7","3329.9"
"3536.6","3543.9","3469.2","3317.3","3301.2","1692.5","1864","3257.9","3235.5","3276.2","3276.8","3214.2"
"3537.1","3534.2","3450.1","3272.7","2381.3","1737.7","2403.2","3255.5","3240.4","3276","3270.7","3242"
"3536.2","3523","3424.9","3212.7","3390.2","1839.9","2900.6","3253.9","3244.6","3275.1","3262.2","3132.9"
"3534.1","3510.2","3400.9","3247.9","3690.7","1883.7","1099.8","3253","3248.1","3273","3254.9","3309.5"
"3530.6","3496.3","3384.8","3286.3","3372.9","1782.5","931.13","3252.5","3251","3271.1","3262.3","3328.8"
"3525.9","3482.5","3373.5","3293.6","3316.2","1704.7","1448.1","3252.4","3253.4","3270.4","3266.6","3249.5"
"3520.1","3469","3363.8","3284.3","3054.3","1686.3","1714.5","3252.5","3248.8","3127.6","3258.7","3122.1"
"3513.4","3456","3352.5","3231.6","2504.2","1669.7","1279.5","3251.5","3240.8","3267.9","3253.4","3360.4"
"3505.9","3442.9","3334.3","3156.6","2761.3","1646.6","1790.9","3250.4","3244","3266.5","3255.2","3122.1"
"3497.8","3428.9","3311.7","3147.5","3589.7","1668.2","1884.7","3249.8","3246.6","3264.5","3246","3268.7"
"3488.9","3414.1","3294.7","3207.9","3731.5","1662.2","1193.4","3249.5","3248.6","3262.6","3252.8","3357.7"
"3479.3","3399.4","3287.1","3259.7","3502.2","1629.8","1704.5","3249.5","3250.2","3261.9","3259.4","3229.1"
"3469.1","3385.9","3285","3279.6","3327.9","1635.5","1633.6","3249.6","3251.6","3261.3","3251.6","3136.7"
"3458.6","3373.8","3284.8","3290.7","3423.1","1646.7","1883.4","3249.9","3252.7","3259.7","3245.4","3300.3"
"3448","3363.3","3286.7","3328.7","3927","1688.2","2172.7","3250.3","3253.5","3258.2","3247.7","3207.1"
"3437.5","3354.4","3294.5","3375.9","3401.9","1717.3","1548.8","3250.7","3254","3256.8","3247.5","3309.5"
"3427.3","3347.7","3303.3","3326","2247.2","1711.5","1858.4","3251.1","3254.3","3256","3254.9","3309.5"
"3417.5","3342.4","3301.5","3272.1","3852.9","1714.4","1540.5","3251.5","3254.5","3256.2","3259.6","3270.9"
"3408.3","3337.5","3301","3331.6","3642.8","1706.1","1812.1","3251.8","3254.7","3256.5","3256","3163"
"3399.7","3333.3","3305.9","3345","3146.9","1751.8","2532.1","3252.2","3254.9","3256.2","3254.1","3363.5"
"3391.6","3330.3","3309.9","3343.2","3606.5","1811.8","1812.1","3252.5","3255","3256.5","3264.3","3299.8"
"3384.2","3328","3315.4","3377.2","3666","1836.6","2352.2","3252.8","3255.3","3257.6","3268.1","3290.9"
"3377.4","3326.9","3324.7","3426","3990.5","1865.1","1632.3","3253","3247.3","3079.1","3275.4","3390.5"
"3371.4","3327.3","3339.5","3472.6","3540.3","1848.8","1882.9","3251.5","3235.6","3261.6","3285.4","3309.5"
"3366.2","3329.5","3356.3","3502.5","4003.1","1848.6","1788.7","3249.5","3225.8","2980.5","3280.8","3146.5"
"3362","3333.6","3376.7","3569","4151.9","1850.7","1991.6","3245.6","3209.7","3265.6","3267","3195.2"
"3358.9","3339.9","3402.3","3610.3","3540.1","1851","1630.7","3241.6","3216.4","3265.5","3263.2","3299.8"
"3357","3348.5","3427","3616.1","3846.9","1827.7","1695.4","3238.9","3222.2","3265.5","3270.5","3363.5"
"3356.5","3358.9","3450.2","3615.4","3243","1798.9","1412.2","3237.1","3227.4","3266.7","3285.7","3451.6"
"3357.3","3370.7","3468.5","3600.3","3866.4","1759.2","1552.8","3236","3224.3","3097.7","3298","3289.8"
"3359.4","3383.1","3484.9","3592.9","3017.5","1744","1757.9","3234","3211.3","3142","3289.8","3132.9"
"3362.9","3395.8","3495.1","3553.6","3654.9","1743.4","1707.3","3231","3209.1","3274.2","3280.1","3328.8"
"3367.3","3408","3502.8","3574.4","3855.9","1743.4","1802.3","3228.8","3216.9","3275.2","3283.7","3279.5"
"3372.7","3419.7","3512.6","3589.8","3451.5","1758.6","1980.6","3227.7","3223.9","3276.2","3285.8","3336.5"
"3378.9","3431.2","3521.2","3583.8","3682.6","1776","1781.5","3227.5","3230.2","3277.6","3290.2","3300.3"
"3385.6","3442.3","3528.9","3579.7","3343.6","1766.2","1554.1","3228.1","3235.9","3279.1","3289.5","3260.4"
"3392.9","3452.9","3533.7","3554.2","3400.9","1756.2","1888","3229.3","3241.1","3280.1","3283.4","3201.5"
"3400.5","3462.6","3534.1","3481.1","2206.5","1800.8","2515.8","3230.9","3245.8","3280.1","3276.3","3260.4"
"3408.3","3470.7","3522.3","3407.5","3899.2","1894.3","2695.3","3232.9","3249.9","3279.6","3277.5","3327.8"
"3416","3476.3","3511.4","3468.1","3946.4","1973.3","2335.1","3235.1","3253.4","3279.7","3286.8","3399.5"
"3423.4","3480.3","3508.7","3513","3685.7","2001.2","2002.7","3237.1","3240.1","2921.2","3297.6","3343.2"
"3430.3","3483.7","3508.5","3453.3","1944.9","1979.5","1527.8","3235.8","3210.4","3103.2","3293.6","3136.7"
"3436.8","3486.2","3495.8","3384.2","4337.2","1923.4","1479","3232.3","3205.9","3283.5","3275.2","3142.6"
"3442.8","3486.8","3486.8","3450.6","3327.9","1866.9","1401.8","3229.6","3215.1","3281.9","3265.7","3281.1"
"3448","3486.6","3482.2","3455","3721","1813.9","1455.4","3228","3212.2","3045.8","3265.9","3245.4"
"3452.6","3485.9","3480.3","3480.6","3590.9","1819.7","2513.3","3225.3","3196.8","3141.7","3266.8","3319.3"
"3456.5","3485.3","3481","3492.7","3571.9","1851.3","1400.6","3221.7","3196.4","3277.2","3273.1","3319.3"
"3459.9","3484.8","3482.2","3473.8","2955.3","1792.6","1292.3","3219.2","3206.1","3276.9","3272.1","3177"
"3462.9","3484.4","3477.7","3383.9","2357.5","1757.4","1825.3","3218","3214.5","3275.9","3266","3290.9"
"3465.4","3483","3462.2","3329.6","3819.2","1749.1","1467.3","3217.9","3221.7","3274.8","3267.4","3257.6"
"3467.4","3479.8","3448.2","3343.6","2875","1788","3046.8","3218.7","3228","3273.8","3265.3","3238.2"
"3468.7","3475.4","3432.2","3246.8","1983","1838.9","885.89","3220","3233.4","3272.8","3265.8","3319.3"
"3469.2","3469","3402.6","3075.2","1528.5","1707.9","509.25","3221.9","3238.1","3272.2","3270.4","3279.5"
"3468.8","3459.1","3354.7","2885.1","1405","1640.1","2145","3223.8","3234.2","3099.8","3269.5","3237.5"
"3467","3443.8","3290.6","2718.6","1623.1","1651.2","1075","3224.5","3226.1","3271.4","3259.7","3107"
"3463.3","3422.2","3216.4","2594.6","1767.6","1607.1","1612.4","3224.9","3231.4","3269.2","3246.4","3214.2"
"3457.2","3394.1","3138.2","2525.6","2414.3","1648.7","2504.9","3225.7","3227.9","3094.5","3247.8","3328.8"
"3448.1","3360.1","3062.2","2401.5","0","1742.6","2325","3225.4","3219.8","3264.6","3255.7","3288.7"
"3435.9","3320.6","2972.4","2234.8","2607.5","1795.5","1965","3225","3225.1","3263.8","3262.3","3346.7"
"3420.1","3274.9","2885.4","2223","1382.7","1767.8","921.43","3225.1","3222.2","3100.9","3273.5","3371.4"
"3400.5","3224.7","2800.3","2059.3","0","1698.6","1612.5","3224.2","3215.3","3265.7","3279.7","3252.6"
"3377","3169.6","2700.9","1837.4","515.96","1529.7","1612.4","3223.4","3221.4","3267.3","3279.5","3318.8"
"3349.6","3108.7","2591.5","1729.6","1600","894.78","1842.7","3223.4","3226.9","3269","3284.7","3328.8"
"3317.8","3042.2","2488.4","1735.5","2065.4","826.45","2103","3224.1","3232","3271","3287.7","3281.1"
"3281.8","2972","2400.3","1763.9","1827.4","786.96","1676.8","3225.3","3236.8","3273.1","3291","3369.5"
"3241.5","2900.2","2327.6","1907.6","4792.3","1443.6","1689.1","3226.7","3234.7","3133.2","3297.6","3309.5"
"3197.6","2829.9","2293.5","2239.3","4476.9","2061.9","806.24","3227.2","3229.2","3278.3","3299","3309.5"
"3150.7","2765.9","2300.6","2554.2","5509.8","1926","1108.7","3227.6","3226.9","3100.8","3298.4","3268.7"
"3102.2","2712.2","2345.8","2830.7","3914.5","1866.5","1935.3","3226.8","3212","3102.7","3294.9","3268.7"
"3053.7","2671.3","2409.7","2958.5","3882.5","1917.4","2865.6","3224.6","3207.3","3284","3292.7","3289.8"
"3006.7","2643.3","2479.6","3035.3","3154.9","1973","1612.7","3222.8","3208.2","3105","3292.4","3289.8"
"2962.5","2627","2548.4","3137.8","5024.8","1954.4","2145","3220.5","3196","3105.8","3287.5","3189.5"
"2922.1","2621.1","2628","3299.3","3693.5","1985.4","2324.3","3217.2","3193.5","3285.5","3279.4","3268.7"
"2886.3","2625.8","2710.6","3363.1","4021.3","2017.5","2143.3","3214.9","3204.4","3284.8","3283","3374.7"
"2855.8","2639.6","2791.2","3397.1","3089.8","2024.5","1969.2","3214.1","3214","3284.8","3277","3005.7"
"2831","2661.1","2861.9","3369.8","3293.9","2042.3","2501.3","3214.5","3222.4","3282.6","3256.7","3268.7"
"2811.9","2687.9","2922.4","3378.2","3673.6","2041.4","1288.2","3215.6","3222.6","3130.4","3255.1","3201.5"
"2798.5","2718.4","2979.9","3482.6","5129.8","1949.6","1246.4","3216.1","3218.3","3276.3","3249.5","3219.5"
"2790.5","2752.6","3047.3","3595","3348.4","1885.4","1674.2","3216.5","3218.5","3130.8","3252.1","3355.2"
"2787.7","2790.8","3111.4","3572","3489","1863.4","1743.7","3216.4","3214.5","3271.2","3267.3","3417.5"
"2789.9","2831.6","3167.1","3619","4728.3","1834.2","1418.8","3216.5","3221.2","3271.5","3281.1","3328.8"
"2796.8","2874.3","3226.2","3703.4","3684.2","1850.8","2858.6","3217.3","3227.3","3272.9","3284.2","3270.9"
"2808.1","2919","3284.4","3766.9","5067.9","1897.6","1259.4","3218.8","3232.8","3274.3","3288.6","3402.6"
"2823.4","2965.4","3349.1","3915.9","4983.5","1810.3","1016.4","3220.7","3237.8","3276.5","3294.7","3238.2"
"2842.6","3014.5","3422.3","4023.2","4504.3","1742.8","1609.5","3222.9","3242.5","3278.4","3293.5","3360.4"
"2865.4","3066.5","3495.9","4047.7","3831.9","1735.2","1788.6","3225.5","3246.9","3280.5","3294.5","3207.6"
"2891.9","3120.8","3560.5","4022.3","3838.1","1741.1","1780.4","3228.1","3242.7","3101.8","3291.3","3363.5"
"2921.7","3175.8","3614.6","4001.1","3855.1","1745.9","1781.4","3229.2","3234.2","3283.1","3291","3169.1"
"2954.6","3230.3","3660.6","4018.4","4569.8","1766.7","2142.3","3230.1","3240.1","3283.5","3282","3289.8"
"2989.9","3283.7","3705.9","4063.3","4156.6","1753.5","879.09","3231.5","3245.3","3283.3","3279.1","3207.1"
"3027.4","3336.1","3748.6","4052.5","3679.8","1641.2","704.37","3233.2","3242.2","3118.4","3275.2","3309.5"
"3066.5","3386.9","3782.5","3995.9","3415.4","1571.2","1612.7","3233.7","3235","3281.8","3280.2","3327.8"
"3107","3435.2","3803.7","3881.1","2421.8","1555.9","1173.3","3234.1","3240.5","3281.8","3281.9","3242"
"3148.2","3479.5","3806.3","3780.6","3979.1","1518.2","1344.8","3235","3239.7","3155.4","3278.5","3270.9"
"3189.6","3518.3","3804.4","3806.2","4066.8","1504.9","1506.6","3235.2","3235.4","3281.2","3275.7","3230.9"
"3230.4","3552.5","3804","3738.4","1911.6","1513","1679.2","3235.5","3240.8","3280.4","3274.9","3328.8"
"3270.2","3581.9","3784.1","3432.8","0","1529.9","1615","3236.4","3245.5","3279.8","3270.9","3101.8"
"3308.5","3603.6","3723.9","3070.7","1031.9","1597.7","2870.8","3237.6","3249.5","3277.9","3255.8","3213.1"
"3344.2","3614","3634.2","2811.8","687.94","1724.8","2331.7","3239.2","3252.8","3275","3248.6","3167.4"
"3376.4","3611.6","3524.9","2592.7","1432.1","1739.6","1077.5","3241","3255.3","3271.5","3245","3300.3"
"3403.9","3595.9","3410.3","2600.9","4627","1673.7","1361.6","3242.8","3257.1","3268.7","3251.6","3299.8"
"3425.6","3569.4","3323.3","2756.3","2748.8","1640.8","1455.7","3244.5","3258.4","3266.8","3252.6","3195.2"
"3441.3","3536.9","3254.3","2688.5","1290.5","1650.8","2156.1","3246.2","3259.3","3264.8","3246.8","3219.5"
"3451.1","3499.8","3180.6","2602.6","3050.8","1661.6","1077.4","3247.7","3253","3114.4","3252.3","3410.2"
"3455","3458.6","3112","2550.4","750.48","1604.4","1349.4","3247.7","3243.3","3262.2","3263.9","3252.6"
"3453.4","3413.9","3034.2","2303.1","39.189","1602.9","1979.7","3247.2","3245.5","3262.3","3260.8","3213.1"
"3446.5","3364.2","2938.5","2229.6","4261.2","1631.4","1620.3","3247","3241.3","3126.1","3263.4","3393.9"
"3434.2","3309.7","2864.9","2452","3836.5","1635.8","1745.3","3245.8","3233.8","3262.9","3278.3","3379.2"
"3416.8","3254.5","2821.1","2507.6","1501","1663.4","2062.9","3244.4","3229.1","3085.3","3289.3","3357.7"
"3395","3200.9","2777.4","2355.3","797.38","1732.1","2522","3241.9","3220.4","3268.6","3299.8","3407.7"
"3369.4","3147.8","2717.7","2142","198.79","1809.8","2161.9","3239.6","3226.3","3272.9","3311.5","3382.7"
"3340.5","3093.1","2638.9","1948.2","1025.7","1714.3","1081.5","3238.3","3232.1","3277.8","3315.7","3289.8"
"3308.4","3034.9","2552","1866.8","1649.4","1060.4","1081.1","3237.8","3237.7","3282.1","3310.8","3249.5"
"3273","2973.5","2469.9","1879.4","2487.9","986.36","1273.1","3237.8","3230.1","2999.6","3305","3282.5"
"3234.3","2910.2","2404","2006.4","3672.8","1295.1","2160.3","3235.8","3215.8","3287.4","3300.4","3242"
"3192.8","2847.8","2366.7","2239.9","4375.2","1836.3","2061.6","3233.9","3224.4","3288.8","3301.2","3410.2"
"3148.9","2789.9","2363.2","2478.2","4029.4","1908.5","1408.2","3232.9","3225","3134.1","3308.2","3279.5"
"3103.7","2739.9","2386.3","2692","4651.6","1875","1978.9","3231.6","3221.4","3292.7","3303.9","3260.4"
"3058.4","2699.7","2432.5","2869.7","3481.6","1867.3","1541.6","3230.8","3230","3293.8","3303","3355.2"
"3014.2","2670.3","2488.6","2964.7","3962","1826.3","1493.8","3230.9","3230.8","3145.4","3304.3","3246"
"2972.2","2651.4","2551.5","3111.2","4562.9","1817","2155.9","3230.6","3227.5","3296","3303.4","3378.2"
"2933.4","2642.8","2625.2","3227.1","3316.2","1840.9","1795.2","3230.6","3235.7","3297.2","3306.2","3246"
"2898.8","2644.1","2698.4","3280.2","4239.9","1885","2874.7","3231.4","3236.8","3160.6","3303.3","3339.5"
"2868.8","2654","2772.3","3352.6","3325.4","1953.4","1794.3","3231.8","3234.1","3298.7","3299","3150.7"
"2843.9","2671.4","2842.9","3421.6","4850.1","1918.1","1437.4","3232.4","3241.7","3298","3286.2","3257.6"
"2824.3","2695.2","2919.9","3590.9","4874","1844.2","1078","3233.7","3240.1","3116.5","3284.7","3299.8"
"2810.3","2726","3006.4","3708.9","4071.5","1773.7","1531.9","3233.9","3233.6","3295.2","3290.5","3386.6"
"2801.9","2763.4","3092.7","3774","4588","1789.9","2513.9","3234.2","3240.9","3295.2","3302.8","3404.8"
"2799.2","2806.6","3178.5","3872.6","4620.5","1859.7","2154","3235.3","3247.4","3296.6","3309.6","3288.7"
"2802.3","2854.9","3264.8","3930","3928.1","1886.6","1974.2","3236.9","3246.5","3148","3300.6","3146.5"
"2810.9","2907.6","3344","3923.7","3769.9","1887.4","1764.3","3237.5","3233.4","3117.5","3290.6","3328.8"
"2825","2962.8","3412.4","3911.3","3900","1895.7","2264.4","3236.2","3214.6","3010.2","3292.8","3277.7"
"2844","3019.3","3472.4","3933.3","4409.8","1898.5","1368.6","3232.8","3203.4","3296.2","3287.5","3201.5"
"2867.5","3075.9","3528.9","3939.3","3327.9","1887.9","2514.5","3229.8","3214.4","3294.7","3277.5","3207.6"
"2895","3132.2","3575.6","3919.2","4455.9","1962.6","2513.9","3228.4","3223.9","3292.4","3274.3","3319.3"
"2925.8","3187.1","3619","3957","3889.2","1976.6","1385.7","3228.2","3231.9","3290.3","3271.3","3136.7"
"2959.4","3240.5","3659.1","3957.3","4069.6","1896.9","1185.3","3228.8","3230.5","3107.5","3266.5","3382.7"
"2995.3","3292.1","3695","3958.9","3831.9","1831.8","1616.1","3228.4","3217.4","3142.7","3275.3","3270.9"
"3033","3341.6","3725.7","3937.1","3667.8","1814.2","1791.6","3226.8","3215","3284.4","3281.5","3417.5"
"3072","3388.6","3749.3","3900.7","3575.9","1799.8","1538.6","3225.8","3223.3","3284.8","3295.9","3378.2"
"3111.8","3432.4","3765.7","3869.5","3739.4","1755.5","1250.4","3225.8","3230.7","3286.5","3300.9","3272.9"
"3151.9","3472.7","3776.8","3831.2","3262.9","1698.2","1315.9","3226.7","3237.4","3288.2","3303.3","3399.5"
"3191.9","3509.2","3780.8","3796.9","3990.5","1647.1","1196.1","3228.3","3243.6","3290.4","3307.2","3233.9"
"3231.3","3541.7","3782.7","3767.4","2828.3","1624.9","1883.9","3230.4","3249.2","3291.9","3296.1","3182.4"
"3269.6","3570.3","3776.7","3707.4","3978.5","1701","2869.7","3232.9","3254.3","3291.9","3288.8","3319.9"
"3306.7","3594.5","3769.8","3733.5","3843.4","1815.7","2330.2","3235.6","3258.8","3291.6","3288.4","3229.1"
"3342","3615.3","3766.5","3765","4230.4","1868.8","2151","3238.6","3262.7","3290.9","3281.7","3238.2"
"3375.4","3633.3","3768.2","3785.8","3476.3","1823.9","440.73","3241.5","3258.8","3133.1","3284.4","3410.2"
"3406.9","3649.5","3768.6","3752.1","3558.2","1701.5","1367.9","3243","3251","3289.6","3291.5","3238.2"
"3436.5","3663.6","3766.1","3754","4102.2","1714.4","2514.5","3244.2","3255.6","3289.6","3286.7","3270.9"
"3464.2","3675.8","3765.5","3743","2957.6","1809.9","2515.7","3245.7","3259.6","3289.3","3291.5","3417.5"
"3489.9","3686.3","3758.8","3667.8","3349.7","1902.4","2697","3247.5","3263.2","3290.1","3296.9","3207.6"
"3513.7","3694.4","3747","3670.9","4255.4","1955.9","1798.3","3249.6","3266.4","3290.3","3283.8","3155.2"
"3535.6","3700.3","3740.9","3723.1","3863.9","1937.1","1799.8","3251.7","3269.2","3289","3275.6","3309.5"
"3555.4","3705","3738.4","3687.8","2733","1937.4","2161.3","3253.9","3271.5","3287.5","3275.7","3224.2"
"3573.5","3708.6","3728","3620.7","3751","1964.1","2162.9","3256.1","3273.4","3286.2","3289","3647"
"3589.7","3710.4","3715.5","3613.6","3262.9","1990.5","2220","3258.2","3274.9","3288.1","3308.4","3140.7"
"3604.1","3710.4","3702.1","3607","4024.1","2015.4","2166.3","3260.3","3276.6","3289.7","3297.1","3328.8"
"3616.7","3708.9","3692.8","3642","3709.5","2014.2","1748.9","3262.2","3271","3134","3297.2","3249.5"
"3627.6","3706.7","3687.8","3681.9","4395.5","1956.5","1181.7","3262.6","3261.9","3291.3","3298","3390.5"
"3636.9","3704.5","3690.5","3739.5","3792.8","1901.3","1991.3","3262.7","3265.5","3292.5","3301.5","3226.4"
"3644.9","3703.1","3696.5","3736.5","3600.4","1903.8","1812.7","3263.2","3268.7","3293.2","3296.3","3309.5"
"3651.8","3702.5","3699.6","3677.3","2665.1","1888.4","1712.6","3264","3271.7","3293.6","3294.6","3238.2"
"3657.8","3701.9","3693.1","3646.6","4603.2","1872.1","1815.2","3265","3274.3","3293.5","3290.3","3290.9"
"3663","3700.7","3690.7","3652.1","2249.2","1826.8","976.93","3266","3264","3018.7","3290.8","3300.8"
"3667.5","3699.1","3679.7","3559.3","3883.3","1741.6","1327.1","3264.6","3247.3","3292.9","3294.1","3346.7"
"3671.1","3696.2","3667.4","3607.8","4097.9","1739.5","2358.3","3262.8","3252.7","3293.4","3301.5","3371.4"
"3673.9","3692.5","3662.5","3640","3509.4","1821.6","2538.8","3261.8","3257.7","3294.7","3306.6","3299.8"
"3676","3688.8","3659.7","3654.1","4172.7","1892.9","2229.9","3261.4","3253.9","3116.2","3310.6","3405.3"
"3677.3","3685.3","3661.8","3708.5","3998","1864.7","739.32","3259.3","3219.7","2729.7","3322","3407.7"
"3678.2","3682.8","3669","3742.5","3998.9","1767.8","1551.9","3252.4","3187.5","3301.5","3322.8","3201.5"
"3678.7","3681.6","3678.7","3752","3522.3","1720.6","1086","3245.3","3201.2","3303.6","3317","3390.5"
"3679","3681.6","3686.1","3720.8","3438.8","1660.1","1415.7","3240.6","3213.5","3305.6","3328.8","3457.5"
"3679.3","3682.3","3688.6","3682.5","3356","1651.3","1859.5","3237.9","3224.6","3309","3336.4","3288.7"
"3679.7","3683","3686.8","3681.4","4159.6","1715.3","2712.2","3236.5","3221","3010.8","3327.9","3226.4"
"3680.1","3683.5","3687.9","3692.9","3187.7","1801","1990.2","3233.6","3202.2","3147.6","3317.6","3266.3"
"3680.6","3684","3685.8","3641.1","3359","1831.8","2168","3229.7","3203.4","3313.5","3308.8","3208.2"
"3681","3683.9","3679.1","3618.7","3606.7","1837.1","1411.2","3227.2","3216.4","3312.2","3291.4","3089.1"
"3681.3","3683","3672","3623.4","3738.7","1812.6","1983.5","3226.5","3227.7","3308.8","3276.4","3289.8"
"3681.4","3681.4","3666.5","3622.5","3422.1","1819.6","1691.2","3227.1","3237.2","3305.1","3283.1","3399.5"
"3681.3","3679.4","3660.9","3631.8","4153.6","1806.3","1735.6","3228.6","3245.2","3303.1","3295","3357.7"
"3681","3677.1","3659.4","3651.3","3223.7","1757","844.84","3230.9","3252.1","3302.2","3289.4","3071.9"
"3680.4","3674.9","3655.6","3576.2","2685","1683.7","1618.9","3233.7","3258","3299.7","3272.4","3266.3"
"3679.7","3672","3641.2","3475.7","2812.3","1676","1618.7","3236.9","3262.8","3296.5","3280.5","3459.5"
"3678.5","3667.3","3618.1","3412.1","3150.4","1679.8","1850","3240.1","3266.7","3295.3","3286.5","3125.7"
"3676.9","3660.3","3592","3378.3","3096.6","1696.2","1766.2","3243.5","3270.1","3293.5","3275.3","3299.8"
"3674.5","3650.9","3564.6","3330.9","2796.8","1688.9","1425.1","3246.8","3272.8","3291.5","3277.3","3279.5"
"3671.2","3639.2","3534.9","3323.9","4028.3","1678.8","1889.9","3250","3274.9","3289.8","3275.4","3230.9"
"3666.8","3625.7","3513.2","3381.1","3448","1681.9","1409.2","3253","3276.6","3287.9","3274.1","3319.3"
"3661.2","3611.5","3498.4","3417.6","4076.7","1648.5","1389.8","3255.9","3277.9","3286.5","3279.5","3319.3"
"3654.6","3597.7","3492","3476.7","3643.5","1653.2","2164.5","3258.6","3278.9","3285.9","3285.5","3346.7"
"3647.3","3585","3490.8","3480.7","3306.1","1689.4","1626.3","3261","3279.7","3286.2","3293.4","3360.4"
"3639.3","3573.7","3488.5","3454.1","3173.1","1706.8","2168.1","3263.3","3280.5","3287.3","3293.6","3189.5"
"3631","3563.3","3482.9","3426.4","3302.1","1719.7","1250","3265.4","3281.4","3287.5","3285.3","3279.5"
"3622.5","3553.4","3475.1","3392.1","2877.8","1674.7","1490.5","3267.2","3273.8","3107.4","3290.9","3417.5"
"3613.8","3543.5","3463","3365.1","3623.6","1662","1692","3267.2","3262.3","3288.4","3301.5","3319.3"
"3604.9","3533.4","3452.8","3394.3","3591.2","1737.3","3255.4","3266.8","3265.5","3290","3301.7","3277.7"
"3595.9","3523.5","3446.7","3410.1","3428.6","1852.3","1816.7","3266.7","3268.5","3291.3","3300.8","3318.8"
"3586.9","3514.1","3442.9","3432.4","3865.6","1897.7","2897.9","3267.1","3271.2","3292.4","3297.2","3194.6"
"3577.8","3505.6","3443.4","3452.4","3176.6","1946.7","1366.7","3267.5","3265.5","3112.5","3288.3","3266.3"
"3568.8","3498.2","3443.5","3444.4","3718.2","1881.8","1460","3266.6","3255.5","3291.7","3276.8","3074.7"
"3560.1","3491.7","3444.8","3463.6","3425.4","1843.3","1716.2","3265.5","3259.7","3288.9","3258.8","3207.6"
"3551.7","3486.2","3447.2","3475.6","3785.5","1841.2","2001.3","3264.8","3256.5","3142.3","3257.8","3318.8"
"3543.7","3481.8","3452","3495.9","3422.3","1868.6","2181.6","3263.3","3249.3","3282.2","3266","3337.9"
"3536.1","3478.5","3457.1","3501.6","3727.3","1939","2901.8","3261.7","3245.6","3116.9","3283.7","3536.8"
"3529.1","3476.2","3463.1","3499.8","3106.5","1981.4","1325","3258.7","3213","2742.3","3297.9","3189.5"
"3522.7","3474.8","3466.1","3492.4","3963.7","1920.2","1695.7","3251.1","3181.7","3283.7","3291.8","3337.9"
"3517","3474","3471.8","3547.9","3946.9","1890.8","1639.4","3243.4","3194","3284.9","3296","3309.5"
"3511.8","3474.2","3483","3586.4","3760","1844.2","1277.2","3238","3204.9","3286.3","3294.9","3249.5"
"3507.4","3475.8","3496.1","3601.2","3618.7","1800.1","1790.1","3234.5","3214.6","3287","3287.8","3214.2"
"3503.8","3478.8","3509","3615.5","3898.1","1791.7","1632.3","3232.6","3223.2","3286.8","3284.7","3337.9"
"3501","3483.1","3523.2","3645.9","3824.2","1747.8","1089.9","3231.8","3230.8","3287","3296.3","3451.6"
"3499.1","3488.6","3538.3","3640.1","3219.6","1680.3","1328.6","3232","3237.6","3288.7","3301","3150.7"
"3498.1","3495","3548.3","3599.8","3435.1","1681.6","2272.1","3233","3243.7","3289.5","3291.7","3339.5"
"3498.1","3501.7","3553.9","3600.8","3899.2","1763.6","2524.4","3234.5","3249.2","3289.7","3285.2","3073.2"
"3498.8","3508.2","3560.3","3594.7","2984.7","1854.3","2523.3","3236.5","3254","3288.2","3267.9","3246"
"3500.2","3514.5","3561.6","3549.8","3595.7","1944.8","2756.2","3238.5","3244.8","3000","3267.7","3299.8"
"3502.2","3520.1","3559.5","3511.1","2635.9","1978","1371.7","3238.1","3228.6","3283.7","3270.6","3279.5"
"3504.5","3524.4","3549.2","3427.3","3082.9","1898.5","1215.6","3237.3","3235.1","3282.2","3274.3","3337.9"
"3507","3526.6","3533.7","3432.1","4084.1","1868.7","2341.1","3237.3","3240.7","3281.7","3283.5","3373"
"3509.4","3527","3525","3495.5","3761.9","1908.5","1980.6","3238","3245.6","3282.3","3289.8","3277.7"
"3511.5","3526.6","3522.1","3487.8","2904.9","1925.4","2160.4","3239.1","3250","3283","3281.2","3122.1"
"3513.2","3525.8","3514.1","3388.7","2262.7","1931.2","1676","3240.6","3253.9","3282","3267.8","3242"
"3514.7","3523.6","3494.6","3336.3","4043.3","1862.6","845.32","3242.3","3257.2","3280.4","3277.2","3514.3"
"3515.5","3519.3","3478.7","3376.8","3086.8","1760.3","1260.7","3244.2","3260","3281","3289.6","3169.1"
"3515.8","3513.9","3464.6","3323.6","2682.4","1739.9","2113.8","3246.2","3262.5","3281.4","3275.9","3182.4"
"3515.2","3507.1","3444.5","3262.6","3019.8","1747","1296.8","3248.3","3264.7","3280.2","3265.3","3195.2"
"3513.9","3498.6","3422.5","3285","4141.8","1694.7","1326.6","3250.3","3266.5","3278.2","3264.8","3366.3"
"3511.6","3488.9","3410.2","3353.4","3397.4","1637.3","1032.1","3252.3","3267.8","3277.1","3270.3","3221.3"
"3508.5","3479.2","3404","3373","3708.2","1559.2","904.87","3254.2","3268.9","3275.9","3263.2","3195.2"
"3504.5","3470.1","3402.3","3418","3831.9","1514.3","1626.1","3256","3269.7","3274.1","3257.6","3249.5"
"3500.1","3462.1","3406.1","3449.4","3439.7","1536","1807.3","3257.5","3261.8","3092.2","3261.6","3357.7"
"3495.2","3455.7","3411","3437.3","3202.9","1576.6","1988.5","3256.9","3233.3","2911.5","3273.1","3357.7"
"3490.3","3450.5","3412.6","3400.1","2990.8","1642.3","2349.4","3252.6","3211.4","3272","3276","3201.5"
"3485.3","3445.8","3409.1","3366.2","3325.4","1705.8","1895.6","3247.8","3207.1","3020.5","3275.2","3378.2"
"3480.4","3441.2","3404.2","3382.1","3779.3","1708","1449.1","3242.1","3196.5","3273","3282.5","3268.7"
"3475.5","3436.7","3403.1","3393.4","2984.6","1726.6","2528","3237.1","3205.6","3274.1","3281.8","3290.9"
"3470.7","3432.6","3400.3","3378.5","3730.1","1822.1","2526.5","3233.6","3205.9","3102.8","3286.1","3360.4"
"3466","3428.7","3399.3","3402.3","3336.4","1906.1","2524.8","3229.9","3201.6","3276.7","3286.8","3182.4"
"3461.3","3425.2","3398.8","3370","2802.4","1996.3","2882.9","3226.9","3210.6","3277.5","3281.1","3328.8"
"3456.9","3421.8","3392.7","3326.9","3340.7","2024.2","1188.3","3225.4","3218.6","3278.2","3286.3","3319.3"
"3452.5","3418","3384.9","3328.6","3335.9","1897.5","599.82","3224.9","3225.8","3279.2","3285.9","3224.2"
"3448.2","3413.7","3378.1","3322.2","3174.2","1839.1","2697.3","3225.1","3223.9","3099.8","3284.2","3346.7"
"3443.9","3409.1","3370.5","3300.8","3096.3","1891.9","1617.9","3224.5","3217.4","3280.7","3291.7","3348.8"
"3439.5","3404.1","3361","3272.7","3013.5","1826.5","905.65","3224","3225","3282.3","3297.1","3318.8"
"3435","3398.4","3349.6","3271.7","3662.1","1761","1871.9","3224.4","3231.9","3284.3","3303.8","3407.7"
"3430.4","3392.2","3343","3343.6","4216.8","1770.7","1795.7","3225.6","3238.3","3287","3309.9","3270.9"
"3425.6","3386.5","3347.6","3428.7","3800.1","1735.8","969.45","3227.3","3238.4","3163.1","3309.5","3363.5"
"3420.7","3382.3","3359.3","3471","3753.9","1682.1","1791.1","3228.3","3235.4","3292.1","3306.6","3160.1"
"3416","3380.3","3374.2","3504.2","3753.4","1736.4","2690.8","3229.5","3242.2","3293","3290.2","3182.4"
"3411.7","3380.3","3391","3526.1","3581","1833.7","2330.7","3231.3","3248.2","3292.3","3288.7","3429.5"
"3408","3382.3","3408","3561","4199.2","1860.1","1615.4","3233.5","3253.5","3292.5","3294.7","3195.2"
"3405.1","3386.3","3428.5","3572.7","2795","1789.8","718.07","3236","3250.6","3127.6","3284.3","3226.4"
"3403.2","3392.1","3442","3512.2","3493.3","1703","1611.9","3237.2","3243.4","3290.9","3274.5","3164.1"
"3402.1","3398.4","3450.1","3501","3304.3","1741.7","2692.6","3238.2","3249","3288.3","3260.7","3150.7"
"3402","3404.8","3454.5","3454.2","2795.2","1846.9","2513.3","3239.7","3253.5","3284.4","3249.6","3195.2"
"3402.6","3410.7","3451.3","3399.3","3314.8","1895.1","1832.7","3241.5","3257","3280","3244","3213.1"
"3403.8","3415.2","3445","3408.6","3734.6","1860.1","1232.4","3243.5","3259.5","3275.6","3242","3249.5"
"3405.3","3418.6","3442.2","3430.1","3354.2","1811.1","1796.2","3245.2","3247.6","2974.3","3248.9","3382.2"
"3407","3421.3","3440.6","3437.6","3713.9","1801.2","1618.6","3244.2","3228.5","3269.7","3264.7","3379.2"
"3408.8","3423.7","3440.9","3427.4","2773.9","1779.4","1618","3242.6","3233.4","3269.6","3270.5","3208.2"
"3410.7","3425.6","3436.2","3377.1","3375","1801.5","2518.5","3241.7","3237.7","3269.4","3263.6","3219.5"
"3412.5","3426.5","3429.3","3383.7","3527","1854","1798.9","3241.4","3241.5","3268.6","3265.5","3374.7"
"3414.2","3426.6","3424.1","3375.1","2967.8","1822.7","1259.7","3241.6","3244.7","3268.8","3276.4","3328.8"
"3415.7","3426","3416.9","3369.3","3899.2","1772","1619.5","3242.1","3247.6","3269.9","3280.4","3281.1"
"3416.8","3424.7","3414.2","3430.8","3847.1","1737.3","1259.8","3242.9","3250.4","3271.1","3278.2","3230.9"
"3417.7","3423.6","3418.3","3473.2","3690.4","1713.5","1980.2","3243.9","3252.9","3271.7","3270.2","3179.1"
"3418.4","3423.3","3426","3495","3605","1742.3","1915","3245.1","3255.1","3271.2","3268.2","3371.4"
"3419","3424","3434.8","3504.9","3544.9","1716.3","901.3","3246.3","3257","3271.2","3272.7","3201.5"
"3419.7","3425.7","3442.6","3473.8","2751.9","1618.4","884.17","3247.7","3258.7","3271.1","3267.8","3279.5"
"3420.5","3427.8","3443.3","3437.1","3839.7","1523.3","720.6","3248.9","3253","3115","3270.1","3300.3"
"3421.4","3429.7","3444.6","3474.7","3589.9","1460.7","1443.5","3248.8","3243.7","3270.9","3275.5","3339.5"
"3422.5","3431.6","3448.6","3477.9","3383.7","1442.2","1084.1","3248.3","3247","3271.6","3275.2","3167.4"
"3423.7","3433.8","3451.2","3449.4","2987.1","1432.5","1804.6","3248.3","3249.9","3271.7","3271.5","3366.3"
"3425","3435.8","3448.3","3387.1","2834.8","1463.2","1506.6","3248.6","3252.5","3272","3275.3","3201.5"
"3426.4","3436.9","3438.1","3330.7","3042.7","1448.9","1081.8","3249.2","3254.9","3272","3265.6","3182.4"
"3427.6","3436.4","3423.3","3280.6","2700.9","1430","1623","3250","3256.9","3270.9","3263.8","3360.4"
"3428.6","3434","3404.3","3270.9","3991.7","1446.8","1488","3250.7","3252.5","3139.7","3269.1","3224.2"
"3429","3429.8","3391.3","3301.8","2800.2","1482.9","2167","3250.3","3236.8","3090.2","3269.4","3346.7"
"3428.9","3424.6","3378.6","3281","3651.1","1523.2","1267.3","3248","3227.6","3270.6","3280.8","3394.7"
"2973.8","3418.6","3368.8","3315.7","3454","1567","2887.3","3245.8","3232.8","3272.2","3285.8","3207.6"
"2205.7","3412.4","3362.5","3296.4","2674.3","1652.9","1328.3","3244.5","3237.5","3273.4","3277.5","3230.9"
"2536.3","3406","3351.2","3223.9","2709.8","1619.6","1446.7","3243.9","3241.8","3273.8","3276","3318.8"
"2868","3398.7","3333.1","3160.2","2657.9","1615.5","1806.3","3243.8","3245.7","3274.3","3282.7","3353"
"3053.3","3389.8","3310","3118.1","3047.6","1696.1","3066","3244.2","3249.1","3275.5","3282.8","3172"
"3182.6","3379.2","3286.2","3086.8","2551.1","1834.7","2525.9","3244.9","3252.3","3276","3279.6","3390.5"
"2497.2","3367","3259.7","3035.5","2826.4","1872.4","1552.3","3245.9","3255.2","3276.9","3287.3","3270.9"
"2393.4","3352.9","3231.3","2985.8","2284.8","1821.1","1265.9","3247.2","3257.8","3278.1","3285.3","3268.7"
"2630.2","3336.9","3199.1","2950.7","3338.6","1743.8","1025.1","3248.5","3260.3","3278.8","3280.2","3201.5"
"2869.7","3319.1","3172.4","3032.9","4115.6","1710.5","2166.4","3250","3262.5","3278.5","3272.4","3235"
"2594.4","3301","3161.1","3125.9","3330.3","1715.3","1086.9","3251.6","3264.3","3277.7","3271.7","3318.8"
"2688.4","3284.1","3158.3","3163.1","3614.9","1690","2167.6","3253.2","3265.9","3277.3","3280.3","3382.7"
"2953.9","3269.2","3161.2","3205.4","3362.2","1712.3","1412.3","3254.6","3259.4","3105.7","3291.6","3363.5"
"2786.2","3256.6","3167.1","3214.5","3153.1","1669.9","1269.1","3254.5","3249","3280.1","3296.8","3289.8"
"3001.3","3246.2","3172.7","3218.3","3383.7","1655.2","1989.7","3254","3252.8","3282","3292.2","3207.6"
"3723.1","3237.7","3178.8","3225.4","3113","1703.4","2170.2","3254","3256.4","3282.9","3289.1","3360.4"
"4083","3230.9","3184.1","3229.8","3509.3","1750.8","1990.7","3254.5","3259.6","3283.9","3290.9","3214.2"
"3937.3","3225.6","3191.5","3279.6","3858.1","1719.1","677.33","3255.2","3262.5","3284.2","3279.1","3155.2"
"3843.5","3222.1","3204.2","3302.3","2848.3","1628.7","1413.8","3256.2","3265.1","3283","3269.1","3260.4"
"3465.1","3220.5","3214.2","3288.8","3732.7","1646.1","2352.3","3257.4","3267.1","3281.4","3272.9","3366.3"
"3078.7","3220.2","3225.1","3318.2","3226.8","1722.1","2172.9","3258.6","3268.8","3280.8","3279.8","3272.9"
"2947.5","3221.3","3235.8","3313.2","3357.5","1751.1","1633.7","3259.9","3270.2","3280.7","3278.5","3262.9"
"2848.5","3223.5","3245.4","3324","3478.7","1786.7","2714.5","3261.2","3271.5","3280.4","3281.9","3378.2"
"2804.8","3226.5","3255.4","3327.5","3154.9","1843.6","1542","3262.5","3272.5","3281.1","3289.4","3289.8"
"2636.8","3230.4","3262.9","3302.1","3050.1","1795.4","1276.2","3263.5","3265.3","3102","3287.6","3249.5"
"2104.3","3234.4","3265.9","3260.8","2804.3","1758.3","1817.1","3263","3254.2","3282.5","3282.5","3238.2"
"2427.3","3238.1","3262.3","3184.9","2337","1781.9","2177.8","3262","3250.4","3125.8","3273.2","3150.7"
"3004.3","3240.5","3249.7","3152.4","3815.7","1792.1","1371.9","3259.9","3236.8","3154.4","3270","3399.5"
"2575.6","3241.1","3241.3","3203.1","3197.7","1744.4","1425.5","3256.8","3232.7","3280.1","3285.2","3394.7"
"2410","3240.9","3237.6","3247.2","4168.5","1726.4","1861.7","3254.2","3238.4","3281.1","3289.4","3201.5"
"2537","3240.7","3243.5","3334.2","3677.6","1781.8","2717.4","3252.6","3243.6","3281.7","3281.1","3249.5"
"2535.8","3241.6","3256.1","3370.1","3579.4","1885.1","2536.8","3251.7","3248.1","3281.6","3283.9","3391"
"2460.9","3244","3271.5","3424.2","4206.8","1971.1","2716.2","3251.3","3244.9","3125.9","3285.1","3140.7"
"2935.2","3248.2","3292.9","3460.2","2962.2","2018.6","1815.5","3249.9","3229.7","3101.9","3273.7","3266.3"
"3122.3","3254.4","3311.2","3456","4162.4","1994.3","1814.7","3246.9","3222.6","3280.7","3266.9","3136.7"
"3040.9","3262.1","3332.4","3539.2","4141.4","2014.2","2713.7","3244.2","3221.5","3105.8","3253.4","3182.4"
"3420.2","3271.7","3359.4","3558.8","3006.8","2062.6","1951.4","3240.8","3208.4","3119.1","3249.9","3289.8"
"2821.6","3283.2","3381.1","3544.6","4133.1","2076","2530.8","3236.4","3196.5","3092.3","3255.6","3309.5"
"1909.2","3211.4","3403.3","3585.1","3485.5","2088.8","1628.9","3231","3177.9","2959.2","3265.5","3386.6"
"1925.8","2411.7","3424.5","3575.1","3520.7","1993","737.82","3223.7","3166.1","3270.7","3275","3277.7"
"2046.2","2188.6","3442.9","3603.8","4278.7","1867.7","1269.2","3217.4","3178.6","3271","3266.7","3091.2"
"1982.3","2028.1","3465.6","3674.4","4078.6","1812.5","1620.3","3213.3","3189.6","3269.6","3250.9","3201.5"
"2273","2092.4","3491.7","3668.9","2896.6","1789.4","1616.8","3210.9","3199","3267.3","3252.9","3374.7"
"2327.3","2253","3508.7","3586.5","3119.8","1810","2513.6","3209.9","3207.1","3266.1","3261.3","3242"
"2380","2288.7","3515.2","3524.4","2968.1","1860.7","1790.8","3209.6","3200.5","2968.7","3263.5","3339.5"
"2809","2461.1","3514.4","3515.6","4219.8","1872.8","2234.9","3207.3","3179","3102.4","3271.2","3309.5"
"2722.8","2757.1","3517.3","3542.2","2976","1895.3","1785.5","3203.7","3177.4","3266.3","3264.2","3056.7"
"2385.4","2558","3516.9","3464.1","2747.1","1890.4","1962.8","3201","3187.9","3265.2","3254.8","3391"
"2538.8","2510.4","3506.2","3363.2","2412.1","1923.7","2500.1","3199.9","3197.1","3264.5","3260","3150.7"
"2254.3","2480.2","3484.3","3273.5","2930.8","1932.3","1191.7","3199.7","3191.5","2966.6","3244.9","3107"
"2325.1","2259.2","3457.2","3228.8","2851.4","1834.7","989.38","3197.7","3178.2","3260.5","3236.3","3277.7"
"2548.5","2459.5","3429.3","3252.2","4320.5","1786.4","2133.3","3195.9","3187.9","3257.9","3245.5","3369.5"
"2390.7","2417.7","3413.6","3352.3","3745.5","1794.6","1411.2","3195.3","3196.2","3256.9","3248.6","3115.9"
"2540.5","2465","3370","3405.7","3871.2","1814.9","2849.3","3195.7","3203.4","3255.3","3238.4","3238.2"
"2635.8","2527.8","2903.6","3415.4","2882.6","1888.5","1764.2","3196.9","3209.5","3253.4","3243","3339.5"
"2579.4","2622","2689.5","3369.3","3269.3","1854.6","1350.1","3198.7","3214.6","3252.8","3258","3415.6"
"2356.8","2502.4","2617","3372.7","3603.8","1772.2","865.66","3200.8","3219.2","3254.2","3272.9","3329.9"
"2345.7","2402.2","2505.8","3383.8","3225.4","1688.9","1405.2","3203.2","3223.5","3256.6","3271.3","3146.5"
"2614","2408","2426.6","3406.9","4158.4","1712.9","2665.1","3205.8","3227.5","3257.7","3260.4","3233.9"
"2428.9","2596.1","2484.3","3453.1","3200.1","1801.7","2125.3","3208.6","3231.1","3257.8","3254.2","3169.1"
"2092.2","2277","2472","3449.1","3769.8","1776.1","728.59","3211.4","3234.3","3257","3248.7","3268.7"
"2983.3","2380.4","2330.8","3428.5","2490.4","1672.3","1187.6","3214.3","3237","3256.2","3252.9","3309.5"
"3594","3054.1","2563.2","3340.4","3005","1628.7","1496.9","3217.1","3239.2","3255.9","3251.7","3136.7"
"3152.7","3315.7","3005.5","3262.1","2175.6","1617.2","1588.9","3219.8","3241.2","3254.9","3243","3246"
"2996.8","3075.7","3140.1","3208.9","3834.4","1614.6","1605.2","3222.4","3242.8","3253.6","3247.2","3329.9"
"3231.9","3141.3","3103.2","3258.5","3292.4","1629.3","1951.9","3224.9","3244","3253.1","3246.6","3101.8"
"3281.6","3186.7","3144.4","3287.8","3855.1","1651.4","1593.5","3227.1","3236.8","3071.7","3242.2","3382.2"
"3219.8","3281.2","3205.9","3306.4","2778.3","1636.3","1415.2","3227.5","3225.3","3251.2","3247.3","3129.5"
"2495.7","3054","3214.1","3255.6","3043.7","1659.6","2496.6","3227.4","3228.4","3250.2","3239.7","3270.9"
"2179.3","2494.8","2932.9","3256.2","3614.9","1759.4","2497.9","3227.6","3230.9","3249","3240","3195.2"
"2087.9","2340","2586","3288","3375.3","1810.3","1686.2","3227.9","3224.8","3067.7","3233","3159.5"
"2085.2","2064.2","2333.1","3321.6","3878.5","1781.4","1380.1","3226.8","3214.2","3245.7","3232","3328.8"
"2946.6","2347","2205.4","3365","3376.4","1751.9","1780.9","3225.5","3217.9","3244.6","3246","3382.7"
"2844.1","2835.8","2471.6","3384.6","3777.3","1788.5","2501.4","3224.7","3221.1","3245.6","3262.3","3382.7"
"2090.1","2557.2","2661.4","3378.7","2627.5","1857","2141.8","3224.4","3224.1","3248.2","3272.4","3288.7"
"1789.7","2161.5","2466.9","3290.2","2651.9","1878.3","1865.4","3224.4","3220","3096.3","3274.3","3288.7"
"1449.9","1814.5","2159.8","3250.5","3443.9","1879.9","1933.4","3223.3","3212.5","3254.1","3284.2","3466.6"
"1912.9","1600.7","1836.1","3029.4","3384.1","1871","1602.4","3222.3","3217.7","3258.5","3296","3249.5"
"2636.2","2123.2","1818.1","2237.3","3300.5","1863.8","2142.3","3222","3222.7","3262.8","3291.4","3270.9"
"2777.1","2469.7","2139.7","2055.5","3491","1921.8","2682.3","3222.3","3227.7","3266.2","3296","3423.2"
"2810.8","2739.1","2448.4","2204.9","3607.5","1987.7","2142.3","3223.1","3232.5","3270.4","3305.5","3299.8"
"2554.3","2682.6","2637.6","2437","3311.8","1977.9","1526.4","3224.5","3237.2","3274.5","3303.9","3281.1"
"2586","2598.5","2635.7","2574.6","3691.1","1889.2","767.33","3226.2","3241.8","3278","3306.1","3386.6"
"2661.3","2617.6","2613.1","2605.9","3681.1","1826.8","2323.3","3228.3","3246.3","3281.8","3314.3","3357.7"
"3067.7","2717.9","2632.4","2613.8","2485.9","1869.5","1964","3230.6","3250.7","3285.8","3315.9","3279.5"
"3004.1","3055.9","2804.3","2664.6","3456.1","1876.1","1860.5","3233.2","3255","3289.2","3313.9","3329.9"
"2698.6","2813.4","2910.9","2811.1","3559.7","1862.8","1613","3235.9","3253","3155","3309.3","3189.5"
"3066.2","2892.5","2849.3","2850.9","3486.9","1824.5","1427.3","3237.5","3247.7","3293.6","3300.6","3309.5"
"3062.1","3005.7","2919.1","2867.8","4123.3","1802","1968.6","3239","3253.2","3294.5","3301.2","3299.3"
"2734.3","2989.1","2986.1","2924.9","3824.9","1863.2","2869.9","3240.9","3258.1","3295.4","3306.6","3423.2"
"2290.5","2649.2","2894.8","2952.6","3266.1","1958.6","2331.3","3243.2","3262.7","3297.2","3309.5","3182.4"
"2258.7","2390","2641.6","2839.6","2345.7","1976.4","1751.1","3245.5","3259.3","3133.3","3306.3","3444.5"
"2366.8","2331.6","2448.2","2643.2","3325.8","1923.6","1185.9","3246.2","3232.1","2869.3","3311.9","3207.6"
"2685.6","2427.1","2388.7","2488.5","3570.4","1840.6","1294.3","3242.4","3183.9","2760.6","3303.3","3289.8"
"2997.3","2721.6","2499.5","2444.8","2979.1","1815","2156.1","3233.5","3158.2","3301","3308.5","3437.6"
"2385.8","2812.1","2707.8","2546.3","3558.2","1863.9","2335.4","3225.2","3167","3122.5","3315.6","3257.6"
"1785.4","2237.1","2614","2654.7","3136","1903.6","1973.8","3217.7","3145.2","2763.7","3308.8","3260.4"
"2196","2055.1","2275.1","2519.1","3692.7","1895.5","1615.7","3207.2","3117.3","3146.8","3305.3","3309.5"
"2800.9","2313.2","2188.5","2313","2997","1839.8","1129.8","3196.8","3128.1","3304.3","3306.7","3328.8"
"3274.2","2817.7","2421.8","2284.4","2707.2","1784","1758.5","3189.6","3149.1","3304.5","3301.6","3160.1"
"3479.3","3171.9","2800.1","2490.3","2193.1","1773.7","1599.7","3185.5","3159.6","3129.6","3289.2","3257.6"
"3351.4","3393.6","3128.7","2798.2","2715.2","1784.9","2296.8","3182.4","3163.9","3301.6","3284.3","3233.9"
"2486","3138.7","3260.4","3076","2694","1863.2","2671.4","3181","3180.3","3299.4","3284.5","3369.5"
"1893.9","2449.7","2972.7","3136.4","2720.4","1901.6","1407.8","3181.4","3186.1","3118","3289.8","3262.9"
"1733.1","2067.7","2495.7","2879.1","3134.3","1848.9","1543","3181.7","3186.2","3297","3293.3","3410.2"
"1692.7","1777.9","2115.3","2507.4","2771.9","1808.9","1467.6","3182.9","3199.4","3297.2","3308.2","3430.5"
"2055.7","1842.4","1893.1","2165.4","2800.4","1770.8","1523.7","3185.4","3211.1","3299.1","3318.5","3337.9"
"2515.5","2095.8","1926","1983.6","2371.3","1740.9","1515","3189","3221.8","3301.6","3322.7","3378.2"
"3211.6","2581.9","2172.6","2006.8","2110.2","1749.9","2297.3","3193.2","3223.8","3139","3321.8","3214.2"
"3433.8","3132.5","2623.3","2244.1","2101.4","1774.3","1406.7","3196.5","3221.4","3305.7","3307.6","3184.1"
"3078.1","3224.2","3014.2","2628.4","2309.5","1705.2","857.09","3200","3231.4","3305.5","3307.7","3506.8"
"3318.1","3117.2","3106.8","2925.9","2621.1","1670.2","2297.6","3204.1","3240.3","3306.6","3316.5","3182.4"
"3435.7","3400.8","3199.5","3059.8","2753.5","1778.1","3018.6","3208.8","3248.2","3307.1","3304.1","3260.4"
"2885.4","3213.6","3301.5","3198.9","3111.4","1851.7","1400.1","3213.8","3255.2","3306.6","3304.9","3391"
"2762.9","2952.4","3156.8","3230.7","3188.9","1797.5","1392.1","3218.9","3253.4","3132.8","3311.9","3319.3"
"2122.9","2714.5","2967.2","3124.5","3189.3","1736.7","1121.4","3222.5","3247","3307.4","3309.4","3246"
"1522.8","2041.3","2601.1","2929.9","3096","1694.3","1795.6","3225.8","3254.2","3307.2","3299.5","3195.2"
"2304.4","1863","2125.9","2557","2881.6","1729.9","2308.9","3229.3","3252.2","3125.8","3291.4","3290.9"
"2789.2","2427.7","2116.9","2233.3","2554","1774.3","1771.5","3231.5","3245.3","3304.2","3298.1","3437.1"
"2972.2","2613.6","2387.8","2244.6","2329","1798.9","2314","3233.5","3252.3","3304.2","3309.3","3319.3"
"3852.2","3147.7","2674.9","2412.5","2318.5","1821.2","1462","3236","3258.6","3304.7","3305.1","3201.5"
"3572.7","3652.5","3176.3","2731.7","2466.2","1776.4","1418.9","3239","3264.1","3304.3","3298.1","3318.8"
"2476.5","3235","3408.3","3131.4","2768.5","1775.2","2321.4","3242.2","3268.8","3303.6","3296.5","3230.9"
"2182.9","2573.5","3077.9","3237","3064.5","1857","2684","3245.5","3272.9","3302.4","3290.9","3279.5"
"2079.1","2342.9","2662.4","2995.3","3117.2","1921.3","1936.1","3249","3276.4","3301.1","3293.9","3374.7"
"1820.2","2042.4","2362.2","2685.5","2942.2","1892.2","1263.7","3252.4","3279.3","3300.7","3303.6","3374.7"
"2469.8","2022.8","2110.7","2386.2","2680.6","1806.9","1039","3255.7","3281.9","3301.3","3306.8","3260.4"
"2791","2542.8","2210.8","2206.8","2417.8","1741.9","1617.7","3258.9","3284.2","3301.8","3304.8","3337.9"
"2745.1","2592.6","2459.5","2297.2","2294.7","1743.6","1978.3","3262.1","3286.3","3302.2","3301.1","3172"
"2983.2","2844.6","2617.6","2445.5","2341.5","1788.3","2341.3","3265","3288.2","3301.4","3291.6","3299.8"
"2677.3","2825.3","2780.5","2618.1","2461.7","1813.1","1444.3","3267.9","3289.7","3300.3","3292.6","3299.8"
"2464.6","2672.1","2766.6","2729.1","2605.3","1774.1","1553","3270.5","3290.9","3299.4","3293.5","3299.8"
"2100.2","2435.5","2639.5","2721.3","2691.3","1739.2","1368.5","3272.6","3270.3","2827.5","3296.4","3346.7"
"1783.1","2099.1","2403.6","2602.3","2681.6","1756.7","2712.7","3270.3","3239.1","3298.7","3299.8","3290.9"
"1729.8","1860.3","2120.3","2383.9","2567.4","1821.2","1634.6","3266.9","3246.2","3298.8","3296","3230.9"
"2265.8","1870.9","1925.8","2142.1","2371.4","1786.2","1356.7","3264.7","3252.5","3298.2","3295.6","3390.5"
"2756","2363.5","2031.4","2006.9","2167","1729.7","1240.7","3263.5","3257.9","3298.4","3302.7","3300.3"
"2273.7","2512.9","2330.8","2119","2082.9","1689.2","1628.9","3263.1","3262.8","3298.7","3294.3","3122.1"
"2158.4","2226.5","2362.3","2289.4","2164.6","1740.3","2898.4","3263.2","3267","3297.3","3277.4","3201.5"
"2961.4","2407.5","2291.3","2304.3","2258.3","1853.6","2359","3263.9","3270.5","3294.6","3275.8","3363.5"
"3240","2950.1","2540","2350.8","2292.4","1922.2","2539.6","3264.8","3273.3","3292.9","3286.4","3366.3"
"2937.8","3021.2","2857.3","2584.9","2395.1","1979.3","2180.3","3265.8","3268.7","3142.8","3293.3","3309.5"
"2845.2","2943.4","2942.5","2800.2","2592.5","1953.1","1087","3265.5","3260.6","3292.7","3293.8","3279.5"
"2694.9","2834.9","2912.7","2889.7","2763.5","1862.9","1373.2","3265","3256.9","3128.1","3292.1","3279.5"
"2416.2","2673.9","2818.4","2879.6","2848.5","1833.4","2001.8","3263.4","3249","3292.5","3288.5","3233.9"
"2345.7","2434.8","2644.7","2792","2847.3","1870","2361.9","3262","3254.2","3291.9","3287.5","3353.6"
"2253.3","2407.5","2496.6","2641.7","2766.1","1936.9","2541.9","3261.1","3250.4","3111.6","3288.4","3201.5"
"2270.3","2225.1","2378","2515.8","2644.8","1964.9","1578.2","3259.2","3242.1","3290.8","3282","3288.7"
"2302.2","2364","2316.9","2392.7","2520.1","1927.4","1766.6","3257.4","3247.9","3289.8","3286","3357.7"
"1787.2","2125.7","2296.2","2348.5","2419.7","1913.2","3080.8","3256.5","3252.8","3289.6","3287.1","3195.2"
"2166.4","1942.1","2100.6","2257.9","2351.7","1668","2360.3","3256.1","3248.9","3108.9","3282.3","3329.9"
"3365.1","2427.2","2101.8","2129.2","2245.9","1679","1707.5","3254.5","3233.6","3138.9","3283.4","3230.9"
"3971.5","3342.2","2602.2","2234.6","2179.4","1522.4","1639","3251.6","3229.1","3287.4","3276.1","3207.6"
"3508.5","3633.3","3223","2680.8","2338.1","1233.2","977.4","3249.3","3236","3285.7","3266.3","3172"
